3.494603175	0	1.1
4.700000000	49.7761	1.2
5.292698413	101.232	1.3
5.932698413	93.75	1.4
6.580000000	92.6925	2.1
7.476825397	66.9027	2.2
8.055464853	103.692	2.3
8.630997732	104.251	2.4
9.306666667	88.8009	3.1
10.193333333	67.6692	3.2
10.737777778	110.204	3.3
11.286349206	109.375	3.4
11.886666667	99.9471	4.1
12.739047619	70.3911	4.2
13.273333333	112.299	4.3
13.947936508	88.9412	4.4
14.666666667	83.4806	5.1
15.593650794	64.726	5.2
16.121927438	113.577	5.3
16.638412698	116.17	5.4
17.269841270	95.0226	6.1
18.112086168	71.2382	6.2
18.627414966	116.431	6.3
19.196621315	105.41	6.4
19.840000000	93.2577	7.1
20.728616780	67.5207	7.2
21.298684807	105.251	7.3
21.794625850	120.982	7.4
22.469138322	88.9531	8.1
23.317233560	70.7468	8.2
23.802675737	123.599	8.3
24.452063492	92.3947	8.4
25.177619048	82.6953	9.1
25.912403628	81.6566	9.2
26.461541950	109.262	9.3
27.013242630	108.755	9.4
27.824761905	73.9354	10.1
28.580090703	79.4356	10.2
29.098798186	115.672	10.3
29.632517007	112.419	10.4
30.403605442	77.8121	11.1
31.197460317	75.5806	11.2
31.660362812	129.617	11.3
32.253968254	101.077	11.4
32.952585034	85.884	12.1
33.556213152	99.3989	12.2
34.040385488	123.923	12.3
34.606802721	105.929	12.4
35.403628118	75.2988	13.1
36.154920635	79.8624	13.2
36.671972789	116.042	13.3
37.268934240	100.509	13.4
37.866666667	100.379	14.1
38.613333333	80.3571	14.2
39.113786848	119.891	14.3
39.751111111	94.1436	14.4
40.439002268	87.2231	15.1
41.440000000	59.9402	15.2
41.986666667	109.756	15.3
42.546666667	107.143	15.4
43.113333333	105.882	16.1
43.784126984	89.4463	16.2
44.328321995	110.255	16.3
44.819727891	122.099	16.4
45.493786848	89.013	17.1
46.142403628	92.5045	17.2
46.737414966	100.838	17.3
47.288412698	108.893	17.4
47.953809524	90.1718	18.1
48.638548753	87.6246	18.2
49.182766440	110.25	18.3
49.777777778	100.838	18.4
50.486371882	84.6747	19.1
51.337868481	70.4642	19.2
51.853333333	116.4	19.3
52.393401361	111.097	19.4
52.973333333	103.46	20.1
53.703401361	82.1841	20.2
54.220000000	116.144	20.3
54.780000000	107.143	20.4
55.433469388	91.8176	21.1
56.158752834	82.7263	21.2
56.707482993	109.343	21.3
57.272743764	106.146	21.4
57.867845805	100.823	22.1
58.590816327	82.9909	22.2
59.152834467	106.758	22.3
59.656417234	119.146	22.4
60.324421769	89.8197	23.1
61.045419501	83.218	23.2
61.532176871	123.265	23.3
62.107845805	104.227	23.4
62.716258503	98.6173	24.1
63.325623583	98.4631	24.2
63.827120181	119.642	24.3
64.402947846	104.198	24.4
65.093333333	86.908	25.1
66.011405896	65.3543	25.2
66.513333333	119.539	25.3
67.086439909	104.693	25.4
67.637823129	108.817	26.1
68.323129252	87.5521	26.2
68.831746032	117.967	26.3
69.499637188	89.835	26.4
70.275850340	77.2984	27.1
71.190929705	65.5681	27.2
71.726009070	112.133	27.3
72.308390023	103.025	27.4
72.896145125	102.083	28.1
73.692199546	75.3717	28.2
74.267573696	104.28	28.3
74.774512472	118.357	28.4
75.440317460	90.1165	29.1
76.137256236	86.0908	29.2
76.669387755	112.754	29.3
77.184580499	116.461	29.4
77.843718821	91.0279	30.1
78.410884354	105.789	30.2
78.955102041	110.25	30.3
79.528344671	104.668	30.4
80.283197279	79.4857	31.1
81.162675737	68.2223	31.2
81.653197279	122.319	31.3
82.255442177	99.6272	31.4
82.798798186	110.425	32.1
83.366031746	105.777	32.2
83.831292517	128.96	32.3
84.462585034	95.0431	32.4
85.144671202	87.9654	33.1
85.913333333	78.0577	33.2
86.483696145	105.196	33.3
87.013333333	113.285	33.4
87.593333333	103.448	34.1
88.159206349	106.031	34.2
88.674761905	116.379	34.3
89.339297052	90.2887	34.4
90.266417234	64.7165	35.1
91.026031746	78.9874	35.2
91.568820862	110.54	35.3
92.183219955	97.6564	35.4
92.813333333	95.221	36.1
93.471315193	91.1879	36.2
94.035668934	106.316	36.3
94.558072562	114.854	36.4
95.226666667	89.7405	37.1
95.823718821	100.494	37.2
96.380000000	107.859	37.3
97.008616780	95.4477	37.4
97.577188209	105.528	38.1
98.220408163	93.2807	38.2
98.773265306	108.527	38.3
99.336666667	106.496	38.4
100.174058957	71.651	39.1
101.318820862	52.4126	39.2
101.889886621	105.067	39.3
102.432766440	110.522	39.4
102.987755102	108.11	40.1
103.521972789	112.314	40.2
104.090385488	105.557	40.3
104.666326531	104.177	40.4
105.212879819	109.779	41.1
105.882380952	89.619	41.2
106.419954649	111.613	41.3
106.979342404	107.26	41.4
107.701859410	83.043	42.1
108.340000000	94.0232	42.2
108.865306122	114.219	42.3
109.453061224	102.083	42.4
110.006666667	108.38	43.1
110.747845805	80.9521	43.2
111.297823129	109.095	43.3
111.836031746	111.481	43.4
112.348299320	117.126	44.1
112.948412698	99.9811	44.2
113.454217687	118.623	44.3
114.147845805	86.5017	44.4
114.931519274	76.5625	45.1
115.933333333	59.8914	45.2
116.426666667	121.622	45.3
116.997414966	105.125	45.4
117.658662132	90.7376	46.1
118.480000000	73.0515	46.2
118.973242630	121.644	46.3
119.501587302	113.562	46.4
120.166666667	90.2148	47.1
121.092063492	64.8371	47.2
121.578231293	123.414	47.3
122.149365079	105.054	47.4
122.773333333	96.1587	48.1
123.605873016	72.0686	48.2
124.113333333	118.236	48.3
124.752743764	93.8364	48.4
125.605442177	70.3649	49.1
126.550589569	63.4822	49.2
127.859092971	45.8539	49.3
128.979591837	53.5476	49.4
129.531065760	108.799	50.1
129.993333333	129.795	50.2
130.518616780	114.224	50.3
131.082925170	106.325	50.4
131.486666667	148.61	51.1
131.933333333	134.328	51.2
132.453333333	115.385	51.3
133.000000000	109.756	51.4
133.593333333	101.124	52.1
134.603174603	59.4153	52.2
135.132879819	113.271	52.3
135.606666667	126.639	52.4
136.185034014	103.74	53.1
136.926666667	80.9026	53.2
137.454875283	113.591	53.3
137.960000000	118.783	53.4
138.553333333	101.124	54.1
139.386666667	72	54.2
139.900000000	116.883	54.3
140.426666667	113.924	54.4
141.013333333	102.273	55.1
141.820000000	74.3802	55.2
142.338321995	115.758	55.3
142.886666667	109.42	55.4
143.500000000	97.8261	56.1
144.680000000	50.8475	56.2
145.226666667	109.756	56.3
145.753333333	113.924	56.4
146.273333333	115.385	57.1
146.800000000	113.924	57.2
147.346666667	109.756	57.3
147.846666667	120	57.4
148.320000000	126.761	58.1
148.880000000	107.143	58.2
149.420000000	111.111	58.3
150.000000000	103.448	58.4
151.016780045	59.0098	59.1
152.473333333	41.1931	59.2
153.614603175	52.573	59.3
154.216780045	99.6385	59.4
155.217392290	59.9633	60.1
156.793333333	38.0725	60.2
157.524920635	82.0135	60.3
158.904308390	43.4976	60.4
159.822176871	65.3688	61.1
161.538321995	34.9621	61.2
162.720000000	50.7753	61.3
164.506666667	33.5821	61.4
166.973333333	24.3243	62.1
168.886666667	31.3589	62.2
169.524875283	94.0131	62.3
170.146666667	96.4954	62.4
170.819206349	89.2141	63.1
171.464784580	92.9399	63.2
171.996621315	112.817	63.3
172.820000000	72.8705	63.4
173.823129252	59.8128	64.1
175.056689342	48.6397	64.2
175.637188209	103.359	64.3
176.193696145	107.815	64.4
176.809863946	97.3761	65.1
177.406666667	100.536	65.2
177.986666667	103.448	65.3
178.643446712	91.3548	65.4
179.633333333	60.613	66.1
180.956009070	45.3626	66.2
181.492970522	111.74	66.3
182.046666667	108.363	66.4
182.641179138	100.923	67.1
183.219886621	103.679	67.2
183.733333333	116.857	67.3
184.380000000	92.7835	67.4
185.331519274	63.0571	68.1
186.173718821	71.242	68.2
186.706666667	112.581	68.3
187.249682540	110.494	68.4
187.780000000	113.14	69.1
188.313333333	112.5	69.2
188.886825397	104.622	69.3
189.386666667	120.038	69.4
189.938707483	108.688	70.1
190.620589569	87.9918	70.2
191.166666667	109.875	70.3
191.693333333	113.924	70.4
192.204263039	117.433	71.1
192.779795918	104.251	71.2
193.280000000	119.951	71.3
193.872108844	101.333	71.4
194.332766440	130.249	72.1
194.859024943	114.012	72.2
195.405215420	109.852	72.3
195.913333333	118.083	72.4
196.524489796	98.1745	73.1
197.044716553	115.334	73.2
197.548571429	119.082	73.3
198.027369615	125.314	73.4
198.507210884	125.041	74.1
199.246666667	81.1408	74.2
199.720634921	126.591	74.3
200.213333333	121.778	74.4
200.741882086	113.518	75.1
201.235714286	121.499	75.2
201.721859410	123.42	75.3
202.325623583	99.3765	75.4
203.133333333	74.2841	76.1
204.286666667	52.0231	76.2
205.521179138	48.6022	76.3
206.175034014	91.7635	76.4
206.678390023	119.2	77.1
207.088253968	146.39	77.2
207.583469388	121.159	77.3
208.056281179	126.9	77.4
208.612244898	107.921	78.1
209.506666667	67.0824	78.2
209.946666667	136.364	78.3
210.466666667	115.385	78.4
211.012108844	110.002	79.1
211.550634921	111.415	79.2
212.050385488	120.06	79.3
212.631043084	103.331	79.4
213.492970522	69.6114	80.1
214.692698413	50.0113	80.2
215.786666667	54.8462	80.3
216.366439909	103.489	80.4
216.893560091	113.826	81.1
217.534693878	93.5842	81.2
218.426666667	67.2666	81.3
219.520000000	54.878	81.4
220.600000000	55.5556	82.1
221.707029478	54.1991	82.2
222.233333333	114.003	82.3
222.806666667	104.651	82.4
223.486666667	88.2353	83.1
224.200000000	84.1122	83.2
224.766666667	105.882	83.3
225.422222222	91.5254	83.4
225.980952381	107.386	84.1
226.902494331	65.1083	84.2
227.417687075	116.461	84.3
227.990929705	104.668	84.4
228.586666667	100.716	85.1
229.297052154	84.4612	85.2
229.793333333	120.899	85.3
230.429024943	94.3854	85.4
231.031292517	99.6235	86.1
231.866666667	71.8241	86.2
232.402721088	111.929	86.3
232.973333333	105.15	86.4
233.556462585	102.893	87.1
234.300000000	80.6953	87.2
234.877097506	103.969	87.3
235.457596372	103.359	87.4
236.473469388	59.0625	88.1
237.986666667	39.6511	88.2
239.046666667	56.6038	88.3
239.440000000	152.542	88.4
239.980000000	111.111	89.1
240.449886621	127.69	89.2
240.953333333	119.178	89.3
241.500000000	109.756	89.4
242.306666667	74.3802	90.1
243.506349206	50.0132	90.2
245.046666667	38.953	90.3
245.726666667	88.2353	90.4
247.053333333	45.2261	91.1
248.266666667	49.4506	91.2
249.513333333	48.1283	91.3
251.013333333	40	91.4