###data-type:		Global Beat Dynamics (0.2x2 smoothing; 100 ms delay)
###extraction-date:	Tue May 24 14:58:49 PDT 2022
3.495	70.1	1.1
4.7	79.9	1.2
5.293	76.3	1.3
5.933	79.6	1.4
6.58	80.4	2.1
7.477	76.6	2.2
8.055	75.8	2.3
8.631	79.0	2.4
9.307	79.4	3.1
10.193	75.1	3.2
10.738	76.7	3.3
11.286	78.5	3.4
11.887	79.0	4.1
12.739	76.3	4.2
13.273	76.6	4.3
13.948	79.1	4.4
14.667	77.8	5.1
15.594	77.1	5.2
16.122	76.7	5.3
16.638	79.5	5.4
17.27	82.4	6.1
18.112	75.4	6.2
18.627	79.4	6.3
19.197	79.4	6.4
19.84	81.7	7.1
20.729	77.4	7.2
21.299	77.5	7.3
21.795	77.8	7.4
22.469	79.8	8.1
23.317	76.3	8.2
23.803	75.5	8.3
24.452	76.2	8.4
25.178	77.1	9.1
25.912	77.4	9.2
26.462	77.0	9.3
27.013	77.7	9.4
27.825	80.4	10.1
28.58	80.6	10.2
29.099	78.3	10.3
29.633	80.1	10.4
30.404	76.4	11.1
31.197	77.5	11.2
31.66	77.5	11.3
32.254	78.6	11.4
32.953	80.5	12.1
33.556	78.7	12.2
34.04	76.0	12.3
34.607	77.1	12.4
35.404	80.1	13.1
36.155	77.7	13.2
36.672	77.9	13.3
37.269	80.3	13.4
37.867	78.2	14.1
38.613	75.3	14.2
39.114	72.4	14.3
39.751	73.7	14.4
40.439	73.4	15.1
41.44	72.9	15.2
41.987	73.3	15.3
42.547	72.3	15.4
43.113	77.9	16.1
43.784	73.4	16.2
44.328	73.6	16.3
44.82	75.0	16.4
45.494	76.3	17.1
46.142	74.1	17.2
46.737	73.5	17.3
47.288	77.3	17.4
47.954	80.8	18.1
48.639	75.5	18.2
49.183	76.0	18.3
49.778	78.2	18.4
50.486	73.7	19.1
51.338	73.7	19.2
51.853	75.6	19.3
52.393	74.8	19.4
52.973	78.2	20.1
53.703	76.0	20.2
54.22	78.2	20.3
54.78	80.7	20.4
55.433	76.7	21.1
56.159	82.9	21.2
56.707	83.3	21.3
57.273	79.9	21.4
57.868	79.7	22.1
58.591	80.0	22.2
59.153	79.3	22.3
59.656	80.4	22.4
60.324	82.1	23.1
61.045	81.3	23.2
61.532	80.4	23.3
62.108	80.3	23.4
62.716	78.0	24.1
63.326	79.4	24.2
63.827	78.4	24.3
64.403	80.8	24.4
65.093	78.7	25.1
66.011	77.7	25.2
66.513	81.1	25.3
67.086	79.9	25.4
67.638	78.6	26.1
68.323	81.5	26.2
68.832	83.0	26.3
69.5	82.6	26.4
70.276	80.5	27.1
71.191	79.1	27.2
71.726	79.6	27.3
72.308	77.7	27.4
72.896	80.3	28.1
73.692	78.6	28.2
74.268	75.8	28.3
74.775	77.5	28.4
75.44	82.8	29.1
76.137	77.2	29.2
76.669	81.2	29.3
77.185	82.6	29.4
77.844	82.0	30.1
78.411	77.1	30.2
78.955	78.3	30.3
79.528	80.5	30.4
80.283	80.5	31.1
81.163	76.4	31.2
81.653	75.7	31.3
82.255	78.6	31.4
82.799	77.5	32.1
83.366	75.0	32.2
83.831	76.8	32.3
84.463	78.7	32.4
85.145	82.3	33.1
85.913	69.4	33.2
86.484	66.6	33.3
87.013	74.5	33.4
87.593	73.2	34.1
88.159	69.7	34.2
88.675	77.7	34.3
89.339	71.6	34.4
90.266	73.1	35.1
91.026	73.8	35.2
91.569	78.1	35.3
92.183	78.8	35.4
92.813	76.8	36.1
93.471	73.8	36.2
94.036	71.7	36.3
94.558	74.5	36.4
95.227	76.3	37.1
95.824	73.8	37.2
96.38	71.8	37.3
97.009	82.4	37.4
97.577	78.6	38.1
98.22	79.3	38.2
98.773	81.7	38.3
99.337	77.4	38.4
100.174	73.9	39.1
101.319	70.9	39.2
101.89	78.2	39.3
102.433	73.9	39.4
102.988	73.7	40.1
103.522	79.8	40.2
104.09	73.8	40.3
104.666	75.2	40.4
105.213	73.8	41.1
105.882	73.1	41.2
106.42	75.5	41.3
106.979	79.5	41.4
107.702	83.3	42.1
108.34	77.9	42.2
108.865	78.9	42.3
109.453	77.7	42.4
110.007	82.3	43.1
110.748	80.2	43.2
111.298	82.0	43.3
111.836	77.6	43.4
112.348	77.6	44.1
112.948	77.6	44.2
113.454	76.4	44.3
114.148	80.8	44.4
114.932	76.5	45.1
115.933	74.7	45.2
116.427	77.3	45.3
116.997	77.1	45.4
117.659	78.0	46.1
118.48	77.5	46.2
118.973	76.6	46.3
119.502	80.1	46.4
120.167	79.3	47.1
121.092	76.8	47.2
121.578	76.9	47.3
122.149	81.6	47.4
122.773	81.7	48.1
123.606	75.3	48.2
124.113	76.3	48.3
124.753	81.3	48.4
125.605	82.0	49.1
126.551	84.2	49.2
127.859	54.0	49.3
128.98	77.5	49.4
129.531	74.6	50.1
129.993	75.9	50.2
130.519	77.9	50.3
131.083	77.0	50.4
131.487	80.6	51.1
131.933	82.4	51.2
132.453	78.8	51.3
133	79.4	51.4
133.593	80.8	52.1
134.603	73.6	52.2
135.133	76.3	52.3
135.607	78.7	52.4
136.185	81.2	53.1
136.927	75.9	53.2
137.455	77.2	53.3
137.96	79.2	53.4
138.553	79.3	54.1
139.387	76.7	54.2
139.9	77.5	54.3
140.427	81.4	54.4
141.013	77.9	55.1
141.82	75.5	55.2
142.338	75.4	55.3
142.887	81.4	55.4
143.5	78.9	56.1
144.68	76.7	56.2
145.227	76.7	56.3
145.753	77.6	56.4
146.273	78.8	57.1
146.8	80.2	57.2
147.347	81.4	57.3
147.847	79.0	57.4
148.32	80.4	58.1
148.88	80.7	58.2
149.42	78.5	58.3
150	82.6	58.4
151.017	78.4	59.1
152.473	82.3	59.2
153.615	76.3	59.3
154.217	81.1	59.4
155.217	77.9	60.1
156.793	78.7	60.2
157.525	81.6	60.3
158.904	79.0	60.4
159.822	81.9	61.1
161.538	80.9	61.2
162.72	79.6	61.3
164.507	76.1	61.4
166.973	69.2	62.1
168.887	64.1	62.2
169.525	64.9	62.3
170.147	70.9	62.4
170.819	73.4	63.1
171.465	72.0	63.2
171.997	67.8	63.3
172.82	71.7	63.4
173.823	72.7	64.1
175.057	64.6	64.2
175.637	70.0	64.3
176.194	74.7	64.4
176.81	75.3	65.1
177.407	73.5	65.2
177.987	74.8	65.3
178.643	76.8	65.4
179.633	72.5	66.1
180.956	67.9	66.2
181.493	71.5	66.3
182.047	71.5	66.4
182.641	76.1	67.1
183.22	70.9	67.2
183.733	71.7	67.3
184.38	77.8	67.4
185.332	77.2	68.1
186.174	75.8	68.2
186.707	74.9	68.3
187.25	78.5	68.4
187.78	81.0	69.1
188.313	80.0	69.2
188.887	79.9	69.3
189.387	76.1	69.4
189.939	80.9	70.1
190.621	80.0	70.2
191.167	75.9	70.3
191.693	79.0	70.4
192.204	81.2	71.1
192.78	78.5	71.2
193.28	78.7	71.3
193.872	79.0	71.4
194.333	81.3	72.1
194.859	75.8	72.2
195.405	82.3	72.3
195.913	76.1	72.4
196.524	80.7	73.1
197.045	81.4	73.2
197.549	84.5	73.3
198.027	82.9	73.4
198.507	80.7	74.1
199.247	79.6	74.2
199.721	77.2	74.3
200.213	81.9	74.4
200.742	78.3	75.1
201.236	79.3	75.2
201.722	81.6	75.3
202.326	81.8	75.4
203.133	78.6	76.1
204.287	78.4	76.2
205.521	78.0	76.3
206.175	79.6	76.4
206.678	78.9	77.1
207.088	77.5	77.2
207.583	79.5	77.3
208.056	81.8	77.4
208.612	82.4	78.1
209.507	80.8	78.2
209.947	78.1	78.3
210.467	84.8	78.4
211.012	78.9	79.1
211.551	78.7	79.2
212.05	83.4	79.3
212.631	79.3	79.4
213.493	82.3	80.1
214.693	84.2	80.2
215.787	78.5	80.3
216.366	82.4	80.4
216.894	77.3	81.1
217.535	84.5	81.2
218.427	79.5	81.3
219.52	85.5	81.4
220.6	81.3	82.1
221.707	78.0	82.2
222.233	77.6	82.3
222.807	79.5	82.4
223.487	82.3	83.1
224.2	78.5	83.2
224.767	76.5	83.3
225.422	79.7	83.4
225.981	81.6	84.1
226.902	77.4	84.2
227.418	78.8	84.3
227.991	79.4	84.4
228.587	81.7	85.1
229.297	78.2	85.2
229.793	76.3	85.3
230.429	78.6	85.4
231.031	80.1	86.1
231.867	77.6	86.2
232.403	79.6	86.3
232.973	81.4	86.4
233.556	82.1	87.1
234.3	75.4	87.2
234.877	77.1	87.3
235.458	80.8	87.4
236.473	82.1	88.1
237.987	71.7	88.2
239.047	81.7	88.3
239.44	77.0	88.4
239.98	80.3	89.1
240.45	78.8	89.2
240.953	80.4	89.3
241.5	81.1	89.4
242.307	80.1	90.1
243.506	79.4	90.2
245.047	81.5	90.3
245.727	78.0	90.4
247.053	78.8	91.1
248.267	81.0	91.2
249.513	75.9	91.3
251.013	57.2	91.4
