3.494603175	1.1
4.700000000	1.2
5.292698413	1.3
5.932698413	1.4
6.580000000	2.1
7.476825397	2.2
8.055464853	2.3
8.630997732	2.4
9.306666667	3.1
10.193333333	3.2
10.737777778	3.3
11.286349206	3.4
11.886666667	4.1
12.739047619	4.2
13.273333333	4.3
13.947936508	4.4
14.666666667	5.1
15.593650794	5.2
16.121927438	5.3
16.638412698	5.4
17.269841270	6.1
18.112086168	6.2
18.627414966	6.3
19.196621315	6.4
19.840000000	7.1
20.728616780	7.2
21.298684807	7.3
21.794625850	7.4
22.469138322	8.1
23.317233560	8.2
23.802675737	8.3
24.452063492	8.4
25.177619048	9.1
25.912403628	9.2
26.461541950	9.3
27.013242630	9.4
27.824761905	10.1
28.580090703	10.2
29.098798186	10.3
29.632517007	10.4
30.403605442	11.1
31.197460317	11.2
31.660362812	11.3
32.253968254	11.4
32.952585034	12.1
33.556213152	12.2
34.040385488	12.3
34.606802721	12.4
35.403628118	13.1
36.154920635	13.2
36.671972789	13.3
37.268934240	13.4
37.866666667	14.1
38.613333333	14.2
39.113786848	14.3
39.751111111	14.4
40.439002268	15.1
41.440000000	15.2
41.986666667	15.3
42.546666667	15.4
43.113333333	16.1
43.784126984	16.2
44.328321995	16.3
44.819727891	16.4
45.493786848	17.1
46.142403628	17.2
46.737414966	17.3
47.288412698	17.4
47.953809524	18.1
48.638548753	18.2
49.182766440	18.3
49.777777778	18.4
50.486371882	19.1
51.337868481	19.2
51.853333333	19.3
52.393401361	19.4
52.973333333	20.1
53.703401361	20.2
54.220000000	20.3
54.780000000	20.4
55.433469388	21.1
56.158752834	21.2
56.707482993	21.3
57.272743764	21.4
57.867845805	22.1
58.590816327	22.2
59.152834467	22.3
59.656417234	22.4
60.324421769	23.1
61.045419501	23.2
61.532176871	23.3
62.107845805	23.4
62.716258503	24.1
63.325623583	24.2
63.827120181	24.3
64.402947846	24.4
65.093333333	25.1
66.011405896	25.2
66.513333333	25.3
67.086439909	25.4
67.637823129	26.1
68.323129252	26.2
68.831746032	26.3
69.499637188	26.4
70.275850340	27.1
71.190929705	27.2
71.726009070	27.3
72.308390023	27.4
72.896145125	28.1
73.692199546	28.2
74.267573696	28.3
74.774512472	28.4
75.440317460	29.1
76.137256236	29.2
76.669387755	29.3
77.184580499	29.4
77.843718821	30.1
78.410884354	30.2
78.955102041	30.3
79.528344671	30.4
80.283197279	31.1
81.162675737	31.2
81.653197279	31.3
82.255442177	31.4
82.798798186	32.1
83.366031746	32.2
83.831292517	32.3
84.462585034	32.4
85.144671202	33.1
85.913333333	33.2
86.483696145	33.3
87.013333333	33.4
87.593333333	34.1
88.159206349	34.2
88.674761905	34.3
89.339297052	34.4
90.266417234	35.1
91.026031746	35.2
91.568820862	35.3
92.183219955	35.4
92.813333333	36.1
93.471315193	36.2
94.035668934	36.3
94.558072562	36.4
95.226666667	37.1
95.823718821	37.2
96.380000000	37.3
97.008616780	37.4
97.577188209	38.1
98.220408163	38.2
98.773265306	38.3
99.336666667	38.4
100.174058957	39.1
101.318820862	39.2
101.889886621	39.3
102.432766440	39.4
102.987755102	40.1
103.521972789	40.2
104.090385488	40.3
104.666326531	40.4
105.212879819	41.1
105.882380952	41.2
106.419954649	41.3
106.979342404	41.4
107.701859410	42.1
108.340000000	42.2
108.865306122	42.3
109.453061224	42.4
110.006666667	43.1
110.747845805	43.2
111.297823129	43.3
111.836031746	43.4
112.348299320	44.1
112.948412698	44.2
113.454217687	44.3
114.147845805	44.4
114.931519274	45.1
115.933333333	45.2
116.426666667	45.3
116.997414966	45.4
117.658662132	46.1
118.480000000	46.2
118.973242630	46.3
119.501587302	46.4
120.166666667	47.1
121.092063492	47.2
121.578231293	47.3
122.149365079	47.4
122.773333333	48.1
123.605873016	48.2
124.113333333	48.3
124.752743764	48.4
125.605442177	49.1
126.550589569	49.2
127.859092971	49.3
128.979591837	49.4
129.531065760	50.1
129.993333333	50.2
130.518616780	50.3
131.082925170	50.4
131.486666667	51.1
131.933333333	51.2
132.453333333	51.3
133.000000000	51.4
133.593333333	52.1
134.603174603	52.2
135.132879819	52.3
135.606666667	52.4
136.185034014	53.1
136.926666667	53.2
137.454875283	53.3
137.960000000	53.4
138.553333333	54.1
139.386666667	54.2
139.900000000	54.3
140.426666667	54.4
141.013333333	55.1
141.820000000	55.2
142.338321995	55.3
142.886666667	55.4
143.500000000	56.1
144.680000000	56.2
145.226666667	56.3
145.753333333	56.4
146.273333333	57.1
146.800000000	57.2
147.346666667	57.3
147.846666667	57.4
148.320000000	58.1
148.880000000	58.2
149.420000000	58.3
150.000000000	58.4
151.016780045	59.1
152.473333333	59.2
153.614603175	59.3
154.216780045	59.4
155.217392290	60.1
156.793333333	60.2
157.524920635	60.3
158.904308390	60.4
159.822176871	61.1
161.538321995	61.2
162.720000000	61.3
164.506666667	61.4
166.973333333	62.1
168.886666667	62.2
169.524875283	62.3
170.146666667	62.4
170.819206349	63.1
171.464784580	63.2
171.996621315	63.3
172.820000000	63.4
173.823129252	64.1
175.056689342	64.2
175.637188209	64.3
176.193696145	64.4
176.809863946	65.1
177.406666667	65.2
177.986666667	65.3
178.643446712	65.4
179.633333333	66.1
180.956009070	66.2
181.492970522	66.3
182.046666667	66.4
182.641179138	67.1
183.219886621	67.2
183.733333333	67.3
184.380000000	67.4
185.331519274	68.1
186.173718821	68.2
186.706666667	68.3
187.249682540	68.4
187.780000000	69.1
188.313333333	69.2
188.886825397	69.3
189.386666667	69.4
189.938707483	70.1
190.620589569	70.2
191.166666667	70.3
191.693333333	70.4
192.204263039	71.1
192.779795918	71.2
193.280000000	71.3
193.872108844	71.4
194.332766440	72.1
194.859024943	72.2
195.405215420	72.3
195.913333333	72.4
196.524489796	73.1
197.044716553	73.2
197.548571429	73.3
198.027369615	73.4
198.507210884	74.1
199.246666667	74.2
199.720634921	74.3
200.213333333	74.4
200.741882086	75.1
201.235714286	75.2
201.721859410	75.3
202.325623583	75.4
203.133333333	76.1
204.286666667	76.2
205.521179138	76.3
206.175034014	76.4
206.678390023	77.1
207.088253968	77.2
207.583469388	77.3
208.056281179	77.4
208.612244898	78.1
209.506666667	78.2
209.946666667	78.3
210.466666667	78.4
211.012108844	79.1
211.550634921	79.2
212.050385488	79.3
212.631043084	79.4
213.492970522	80.1
214.692698413	80.2
215.786666667	80.3
216.366439909	80.4
216.893560091	81.1
217.534693878	81.2
218.426666667	81.3
219.520000000	81.4
220.600000000	82.1
221.707029478	82.2
222.233333333	82.3
222.806666667	82.4
223.486666667	83.1
224.200000000	83.2
224.766666667	83.3
225.422222222	83.4
225.980952381	84.1
226.902494331	84.2
227.417687075	84.3
227.990929705	84.4
228.586666667	85.1
229.297052154	85.2
229.793333333	85.3
230.429024943	85.4
231.031292517	86.1
231.866666667	86.2
232.402721088	86.3
232.973333333	86.4
233.556462585	87.1
234.300000000	87.2
234.877097506	87.3
235.457596372	87.4
236.473469388	88.1
237.986666667	88.2
239.046666667	88.3
239.440000000	88.4
239.980000000	89.1
240.449886621	89.2
240.953333333	89.3
241.500000000	89.4
242.306666667	90.1
243.506349206	90.2
245.046666667	90.3
245.726666667	90.4
247.053333333	91.1
248.266666667	91.2
249.513333333	91.3
251.013333333	91.4