2.960544218 0 1.1
3.758730159 75.1705 1.2
4.281179138 114.844 1.3
4.673015873 153.125 1.4
5.028571429 168.75 1.5
5.376870748 172.266 1.6
5.703401361 183.75 1.7
6.095238095 153.125 1.8
6.523356009 140.148 2.1
7.147392290 96.1483 2.2
7.553741497 147.656 2.3
7.894784580 175.931 2.4
8.206802721 192.297 2.5
8.518820862 192.297 2.6
8.867120181 172.266 2.7
9.215419501 172.266 2.8
9.563718821 172.266 3.1
10.158730159 100.838 3.2
10.673922902 116.461 3.3
11.029478458 168.75 3.4
11.363265306 179.755 3.5
11.675283447 192.297 3.6
11.929251701 236.25 3.7
12.292063492 165.375 3.8
12.647619048 168.75 4.1
13.141043084 121.599 4.2
13.627210884 123.414 4.3
13.953741497 183.75 4.4
14.258503401 196.875 4.5
14.534240363 217.599 4.6
14.853514739 187.926 4.7
15.158276644 196.875 4.8
15.499319728 175.931 5.1
16.210430839 84.375 5.2
16.587755102 159.014 5.3
16.921541950 179.755 5.4
17.197278912 217.599 5.5
17.610884354 145.066 5.6
17.980952381 162.132 5.7
18.249433107 223.48 5.8
18.532426304 212.019 6.1
19.127437642 100.838 6.2
19.482993197 168.75 6.3
19.773242630 206.719 6.4
20.063492063 206.719 6.5
20.487664399 141.452 6.6
20.767346939 214.529 6.7
21.043083900 217.599 6.8
21.333333333 206.719 7.1
21.870294785 111.74 7.2
22.240362812 162.132 7.3
22.552380952 192.297 7.4
22.806349206 236.25 7.5
23.183673469 159.014 7.6
23.466666667 212.019 7.7
23.749659864 212.019 7.8
24.025396825 217.599 8.1
24.511564626 123.414 8.2
24.896145125 156.014 8.3
25.171882086 217.599 8.4
25.469387755 201.677 8.5
25.759637188 206.719 8.6
26.035374150 217.599 8.7
26.370294785 179.147 8.8
26.746485261 159.494 9.1
27.271179138 114.352 9.2
27.573696145 198.336 9.3
27.871700680 201.339 9.4
28.175963719 197.198 9.5
28.458956916 212.019 9.6
28.749206349 206.719 9.7
29.081428571 180.602 9.8
29.536961451 131.714 10.1
30.048072562 117.391 10.2
30.360090703 192.297 10.3
30.650340136 206.719 10.4
30.933333333 212.019 10.5
31.251496599 188.582 10.6
31.506575964 235.221 10.7
31.886621315 157.876 10.8
32.252517007 163.981 11.1
32.790929705 111.439 11.2
33.198752834 147.123 11.3
33.523809524 184.583 11.4
33.849160998 184.416 11.5
34.112063492 228.221 11.6
34.438095238 184.031 11.7
34.728344671 206.719 11.8
35.143401361 144.559 12.1
35.533786848 153.694 12.2
35.892698413 167.172 12.3
36.165986395 219.549 12.4
36.520498866 169.247 12.5
36.890702948 162.073 12.6
37.180952381 206.719 12.7
37.427664399 243.199 12.8
37.732426304 196.875 13.1
38.109750567 159.014 13.2
38.450793651 175.931 13.3
38.765351474 190.744 13.4
39.002267574 253.254 13.5
39.270748299 223.48 13.6
39.582766440 192.297 13.7
39.938321995 168.75 13.8
40.264852608 183.75 14.1
40.787301587 114.844 14.2
41.164784580 158.948 14.3
41.485464853 187.102 14.4
41.755668934 222.054 14.5
42.151473923 151.59 14.6
42.491315193 176.553 14.7
42.814829932 185.463 14.8
43.123809524 194.188 15.1
43.595464853 127.212 15.2
43.936507937 175.931 15.3
44.212244898 217.599 15.4
44.489433107 216.459 15.5
44.767029478 216.141 15.6
45.024943311 232.636 15.7
45.293424036 223.48 15.8
45.627210884 179.755 16.1
46.091609977 129.199 16.2
46.418140590 183.75 16.3
46.708390023 206.719 16.4
47.013151927 196.875 16.5
47.332426304 187.926 16.6
47.629931973 201.677 16.7
47.883900227 236.25 16.8
48.224943311 175.931 17.1
48.711111111 123.414 17.2
49.052154195 175.931 17.3
49.327891156 217.599 17.4
49.586213152 232.268 17.5
49.873605442 208.774 17.6
50.143492063 222.316 17.7
50.401814059 232.268 17.8
50.742857143 175.931 18.1
51.149206349 147.656 18.2
51.594739229 134.67 18.3
51.937573696 175.012 18.4
52.189433107 238.228 18.5
52.452902494 227.73 18.6
52.749319728 202.417 18.7
53.072970522 185.385 18.8
53.463945578 153.462 19.1
54.008163265 110.25 19.2
54.354036281 173.474 19.3
54.638526077 210.904 19.4
54.885147392 243.288 19.5
55.234467120 171.762 19.6
55.495691610 229.688 19.7
55.789546485 204.182 19.8
56.064580499 218.155 20.1
56.383764172 187.98 20.2
56.668299320 210.87 20.3
56.946938776 215.332 20.4
57.237188209 206.719 20.5
57.536757370 200.288 20.6
57.782857143 243.804 20.7
58.340136054 107.666 20.8
58.659410431 187.926 21.1
58.978684807 187.926 21.2
59.225396825 243.199 21.3
59.501133787 217.599 21.4
59.740589569 250.568 21.5
60.009070295 223.48 21.6
60.302222222 204.672 21.7
60.523356009 271.329 21.8
60.829024943 196.291 22.1
61.228117914 150.341 22.2
61.518367347 206.719 22.3
61.750566893 258.398 22.4
62.019047619 223.48 22.5
62.281201814 228.873 22.6
62.562222222 213.508 22.7
62.813083900 239.176 22.8
63.183492063 161.983 23.1
63.703106576 115.47 23.2
64.014512472 192.675 23.3
64.315532880 199.322 23.4
64.587755102 220.408 23.5
64.812698413 266.734 23.6
65.081179138 223.48 23.7
65.367120181 209.833 23.8
65.654421769 208.84 24.1
66.106507937 132.718 24.2
66.473083900 163.677 24.3
66.757369615 211.055 24.4
67.001564626 245.705 24.5
67.276666667 218.101 24.6
67.606349206 181.993 24.7
67.918367347 192.297 24.8
68.360997732 135.553 25.1
68.948752834 102.083 25.2
69.362358277 145.066 25.3
69.645351474 212.019 25.4
69.926893424 213.112 25.5
70.206643991 214.477 25.6
70.519002268 192.087 25.7
70.793061224 218.931 25.8
71.045804989 237.395 26.1
71.452154195 147.656 26.2
71.807709751 168.75 26.3
72.090702948 212.019 26.4
72.400158730 193.889 26.5
72.642176871 247.915 26.6
72.896145125 236.25 26.7
73.237188209 175.931 26.8
73.549206349 192.297 27.1
74.071655329 114.844 27.2
74.419954649 172.266 27.3
74.695691610 217.599 27.4
74.991768707 202.65 27.5
75.392290249 149.805 27.6
75.697052154 196.875 27.7
75.965532880 223.48 27.8
76.289160998 185.398 28.1
76.778231293 122.682 28.2
77.119274376 175.931 28.3
77.377392290 232.452 28.4
77.641723356 226.988 28.5
77.910204082 223.48 28.6
78.164172336 236.25 28.7
78.432653061 223.48 28.8
78.715646259 212.019 29.1
79.136507937 142.565 29.2
79.477551020 175.931 29.3
79.746031746 223.48 29.4
79.992743764 243.199 29.5
80.261224490 223.48 29.6
80.507936508 243.199 29.7
80.761904762 236.25 29.8
81.059410431 201.677 30.1
81.523809524 129.199 30.2
81.843083900 187.926 30.3
82.075283447 258.398 30.4
82.343764172 223.48 30.5
82.597732426 236.25 30.6
82.880725624 212.019 30.7
83.134693878 236.25 30.8
83.482993197 172.266 31.1
83.896598639 145.066 31.2
84.302947846 147.656 31.3
84.554444444 238.572 31.4
84.803628118 240.786 31.5
85.173696145 162.132 31.6
85.456689342 212.019 31.7
85.710657596 236.25 31.8
86.015419501 196.875 32.1
86.450793651 137.813 32.2
86.712018141 229.688 32.3
86.973242630 229.688 32.4
87.219954649 243.199 32.5
87.495691610 217.599 32.6
87.771428571 217.599 32.7
88.047165533 217.599 32.8
88.359183673 192.297 33.1
88.975963719 97.2794 33.2
89.338775510 165.375 33.3
89.614512472 217.599 33.4
89.896054422 213.112 33.5
90.129705215 256.793 33.6
90.395283447 225.922 33.7
90.608616780 281.25 33.8
90.949659864 175.931 34.1
91.344535147 151.947 34.2
91.646258503 198.858 34.3
91.965532880 187.926 34.4
92.218049887 237.608 34.5
92.449206349 259.564 34.6
92.698412698 240.764 34.7
93.031043084 180.38 34.8
93.380498866 171.696 35.1
93.844897959 129.199 35.2
94.180748299 178.651 35.3
94.541496599 166.321 35.4
94.824489796 212.019 35.5
95.049433107 266.734 35.6
95.352970522 197.669 35.7
95.659319728 195.855 35.8
96.000000000 176.118 36.1
96.435374150 137.813 36.2
96.739115646 197.536 36.3
96.986848073 242.197 36.4
97.221950113 255.208 36.5
97.509478458 208.675 36.6
97.814058957 196.992 36.7
98.118820862 196.875 36.8
98.529319728 146.164 37.1
99.091156463 106.793 37.2
99.426190476 179.086 37.3
99.693424036 224.523 37.4
99.911111111 275.625 37.5
100.165079365 236.25 37.6
100.397278912 258.398 37.7
100.665759637 223.48 37.8
100.971972789 195.942 38.1
101.311564626 176.683 38.2
101.594557823 212.019 38.3
101.826757370 258.398 38.4
102.080725624 236.25 38.5
102.436462585 168.664 38.6
102.705374150 223.122 38.7
103.002698413 201.8 38.8
103.379523810 159.225 39.1
103.960090703 103.347 39.2
104.315646259 168.75 39.3
104.562358277 243.199 39.4
104.838095238 217.599 39.5
105.099319728 229.688 39.6
105.346031746 243.199 39.7
105.578231293 258.398 39.8
105.853968254 217.599 40.1
106.212199546 167.49 40.2
106.456235828 245.865 40.3
106.710204082 236.25 40.4
106.949659864 250.568 40.5
107.181859410 258.398 40.6
107.450340136 223.48 40.7
107.668027211 275.625 40.8
108.001814059 179.755 41.1
108.473469388 127.212 41.2
108.792607710 188.006 41.3
109.037301587 245.204 41.4
109.257142857 272.924 41.5
109.525623583 223.48 41.6
109.743310658 275.625 41.7
110.011791383 223.48 41.8
110.418140590 147.656 42.1
110.809977324 153.125 42.2
111.071201814 229.688 42.3
111.342176871 221.423 42.4
111.550113379 288.55 42.5
111.804081633 236.25 42.6
112.021768707 275.625 42.7
112.282993197 229.688 42.8
112.606371882 185.541 43.1
113.037641723 139.124 43.2
113.406258503 162.771 43.3
113.618140590 283.176 43.4
113.857596372 250.568 43.5
114.147278912 207.123 43.6
114.431451247 211.139 43.7
114.734535147 197.965 43.8
114.989569161 235.263 44.1
115.331791383 175.325 44.2
115.613605442 212.906 44.3
115.867573696 236.25 44.4
116.085260771 275.625 44.5
116.368253968 212.019 44.6
116.658503401 206.719 44.7
117.137414966 125.284 44.8
117.572789116 137.813 45.1
118.066213152 121.599 45.2
118.443537415 159.014 45.3
118.719274376 217.599 45.4
118.987755102 223.48 45.5
119.304512472 189.419 45.6
119.539229025 255.627 45.7
119.807709751 223.48 45.8
120.112471655 196.875 46.1
120.576870748 129.199 46.2
120.881632653 196.875 46.3
121.150113379 223.48 46.4
121.382312925 258.398 46.5
121.658049887 217.599 46.6
121.882993197 266.734 46.7
122.129705215 243.199 46.8
122.405442177 217.599 47.1
122.782766440 159.014 47.2
123.167346939 156.014 47.3
123.435283447 223.934 47.4
123.696213152 229.947 47.5
123.948072562 238.228 47.6
124.226757370 215.297 47.7
124.471496599 245.159 47.8
124.676643991 292.473 48.1
125.148299320 127.212 48.2
125.482086168 179.755 48.3
125.770997732 207.676 48.4
126.035895692 226.502 48.5
126.277800454 248.031 48.6
126.635827664 167.585 48.7
127.027664399 153.125 48.8
127.782312925 79.5072 49.1
128.500680272 83.5227 49.2
129.197278912 86.1328 49.3
129.886621315 87.0395 49.4
130.670294785 76.5625 49.5
131.112925170 135.553 49.6
131.867573696 79.5072 49.7
132.179591837 192.297 49.8
132.504671202 184.57 50.1
132.943673469 136.674 50.2
133.282630385 177.014 50.3
133.761451247 125.308 50.4
134.072018141 193.195 50.5
134.364875283 204.878 50.6
134.629297052 226.91 50.7
134.849886621 271.998 50.8
135.256235828 147.656 51.1
135.575510204 187.926 51.2
135.894784580 187.926 51.3
136.446258503 108.799 51.4
136.721995465 217.599 51.5
136.968707483 243.199 51.6
137.281451247 191.85 51.7
137.660045351 158.481 51.8
138.078911565 143.244 52.1
138.760997732 87.9654 52.2
139.189115646 140.148 52.3
139.493877551 196.875 52.4
139.820408163 183.75 52.5
140.175963719 168.75 52.6
140.444444444 223.48 52.7
140.691156463 243.199 52.8
140.981405896 206.719 53.1
141.412925170 139.044 53.2
141.808616780 151.633 53.3
142.069841270 229.688 53.4
142.388231293 188.448 53.5
142.686621315 201.079 53.6
142.940589569 236.25 53.7
143.187301587 243.199 53.8
143.499319728 192.297 54.1
144.087074830 102.083 54.2
144.442630385 168.75 54.3
144.674829932 258.398 54.4
144.972335601 201.677 54.5
145.240816327 223.48 54.6
145.484625850 246.094 54.7
145.719727891 255.208 54.8
145.988208617 223.48 55.1
146.488888889 119.837 55.2
146.842993197 169.442 55.3
147.079727891 253.448 55.4
147.365442177 210 55.5
147.635374150 222.278 55.6
147.934535147 200.561 55.7
148.209795918 217.975 55.8
148.663265306 132.313 56.1
149.543764172 68.1432 56.2
149.790476190 243.199 56.3
150.095238095 196.875 56.4
150.305668934 285.129 56.5
150.551451247 244.118 56.6
150.752403628 298.578 56.7
150.980498866 263.048 56.8
151.183673469 295.313 57.1
151.604535147 142.565 57.2
151.814965986 285.129 57.3
152.017800454 295.808 57.4
152.209705215 312.655 57.5
152.404988662 307.246 57.6
152.643854875 251.187 57.7
152.829002268 324.066 57.8
153.117097506 208.264 58.1
153.481564626 164.624 58.2
153.673582766 312.47 58.3
153.891609977 275.195 58.4
154.145668934 236.166 58.5
154.369501134 268.058 58.6
154.565034014 306.854 58.7
154.836507937 221.016 58.8
155.312471655 126.06 59.1
156.161451247 70.6731 59.2
156.932063492 77.8602 59.3
157.438548753 118.463 59.4
157.779591837 175.931 59.5
158.026303855 243.199 59.6
158.280272109 236.25 59.7
158.505215420 266.734 59.8
158.853514739 172.266 60.1
159.455782313 99.6235 60.2
159.986825397 112.985 60.3
160.188662132 297.27 60.4
160.580498866 153.125 60.5
161.088435374 118.125 60.6
161.647165533 107.386 60.7
161.966439909 187.926 60.8
162.380045351 145.066 61.1
162.880725624 119.837 61.2
163.802267574 65.1083 61.3
164.375510204 104.668 61.4
165.050340136 88.9113 61.5
165.899319728 70.6731 61.6
166.876077098 61.4277 61.7
168.214058957 44.8437 61.8
169.520181406 45.9375 62.1
170.717460317 50.1136 62.2
171.351655329 94.6081 62.3
171.834920635 124.155 62.4
172.088888889 236.25 62.5
172.400907029 192.297 62.6
172.705668934 196.875 62.7
173.061224490 168.75 62.8
173.402267574 175.931 63.1
173.823129252 142.565 63.2
174.091609977 223.48 63.3
174.381859410 206.719 63.4
174.643083900 229.688 63.5
174.918820862 217.599 63.6
175.230725624 192.366 63.7
175.658956916 140.111 63.8
176.111746032 132.512 64.1
176.558730159 134.233 64.2
176.986848073 140.148 64.3
177.298866213 192.297 64.4
177.560090703 229.688 64.5
177.835827664 217.599 64.6
178.082539683 243.199 64.7
178.329251701 243.199 64.8
178.604716553 217.814 65.1
178.917006803 192.129 65.2
179.211609977 203.664 65.3
179.468480726 233.581 65.4
179.693424036 266.734 65.5
179.947392290 236.25 65.6
180.222811791 217.85 65.7
180.622222222 150.221 65.8
181.086621315 129.199 66.1
181.703401361 97.2794 66.2
182.056054422 170.139 66.3
182.370975057 190.524 66.4
182.646712018 217.599 66.5
183.002267574 168.75 66.6
183.307029478 196.875 66.7
183.531972789 266.734 66.8
183.771428571 250.568 67.1
184.018140590 243.199 67.2
184.264852608 243.199 67.3
184.504308390 250.568 67.4
184.845351474 175.931 67.5
185.179138322 179.755 67.6
185.466417234 208.856 67.7
185.774149660 194.975 67.8
186.049886621 217.599 68.1
186.543310658 121.599 68.2
186.985941043 135.553 68.3
187.261678005 217.599 68.4
187.501133787 250.568 68.5
187.769614512 223.48 68.6
188.000362812 260.024 68.7
188.219501134 273.8 68.8
188.487981859 223.48 69.1
188.734693878 243.199 69.2
189.045260771 193.195 69.3
189.286167800 249.059 69.4
189.511111111 266.734 69.5
189.736054422 266.734 69.6
189.990022676 236.25 69.7
190.273015873 212.019 69.8
190.624217687 170.842 70.1
191.236825397 97.942 70.2
191.680725624 135.166 70.3
191.934693878 236.25 70.4
192.145124717 285.129 70.5
192.370068027 266.734 70.6
192.674829932 196.875 70.7
192.878004535 295.313 70.8
193.044897959 359.511 71.1
193.342403628 201.677 71.2
193.647165533 196.875 71.3
193.857596372 285.129 71.4
194.060770975 295.313 71.5
194.249433107 318.029 71.6
194.548390023 200.698 71.7
194.779138322 260.024 71.8
194.977959184 301.779 72.1
195.200000000 270.221 72.2
195.490249433 206.719 72.3
195.707936508 275.625 72.4
195.896598639 318.029 72.5
196.107029478 285.129 72.6
196.344648526 252.505 72.7
196.549659864 292.667 72.8
196.713061224 367.194 73.1
196.948752834 254.57 73.2
197.224489796 217.599 73.3
197.427664399 295.313 73.4
197.630839002 295.313 73.5
197.848526077 275.625 73.6
198.204512472 168.546 73.7
198.407256236 295.94 73.8
198.726530612 187.926 74.1
199.111111111 156.014 74.2
199.517460317 147.656 74.3
199.858503401 175.931 74.4
200.134240363 217.599 74.5
200.351927438 275.625 74.6
200.620408163 223.48 74.7
200.983219955 165.375 74.8
201.200907029 275.625 75.1
201.476643991 217.599 75.2
201.694331066 275.625 75.3
201.962811791 223.48 75.4
202.277188209 190.854 75.5
202.514285714 253.06 75.6
202.801564626 208.856 75.7
203.109297052 194.975 75.8
203.435827664 183.75 76.1
203.965532880 113.271 76.2
204.371882086 147.656 76.3
204.683900227 192.297 76.4
205.010158730 183.903 76.5
205.438548753 140.059 76.6
205.656235828 275.625 76.7
205.895691610 250.568 76.8
206.164172336 223.48 77.1
206.679365079 116.461 77.2
206.926077098 243.199 77.3
207.245351474 187.926 77.4
207.426757370 330.75 77.5
207.687981859 229.688 77.6
207.992743764 196.875 77.7
208.413605442 142.565 77.8
208.764013605 171.229 78.1
209.219047619 131.858 78.2
209.523809524 196.875 78.3
209.792290249 223.48 78.4
210.053514739 229.688 78.5
210.278458050 266.734 78.6
210.553401361 218.227 78.7
210.858956916 196.364 78.8
211.112925170 236.25 79.1
211.432199546 187.926 79.2
211.746009070 191.199 79.3
211.998185941 237.928 79.4
212.297981859 200.136 79.5
212.585941043 208.363 79.6
212.880839002 203.46 79.7
213.318820862 136.992 79.8
213.809342404 122.319 80.1
214.545306122 81.5258 80.2
215.283809524 81.2454 80.3
215.865759637 103.102 80.4
216.122811791 233.416 80.5
216.344671202 270.442 80.6
216.562403628 275.568 80.7
216.772789116 285.191 80.8
216.998253968 266.117 81.1
217.317006803 188.234 81.2
217.548072562 259.666 81.3
218.006349206 130.925 81.4
218.499773243 121.599 81.5
219.072766440 104.713 81.6
219.633197279 107.06 81.7
220.480725624 70.7941 81.8
221.293424036 73.8281 82.1
222.345578231 57.0259 82.2
222.923174603 103.879 82.3
223.303401361 157.801 82.4
223.651700680 172.266 82.5
223.978231293 183.75 82.6
224.304761905 183.75 82.7
224.609523810 196.875 82.8
224.979591837 162.132 83.1
225.523809524 110.25 83.2
225.964988662 135.999 83.3
226.256689342 205.69 83.4
226.571224490 190.758 83.5
226.924263039 169.953 83.6
227.207256236 212.019 83.7
227.519274376 192.297 83.8
227.845804989 183.75 84.1
228.266666667 142.565 84.2
228.693333333 140.625 84.3
228.999546485 195.942 84.4
229.297052154 201.677 84.5
229.565532880 223.48 84.6
229.885668934 187.42 84.7
230.146031746 230.448 84.8
230.527709751 157.201 85.1
230.973242630 134.67 85.2
231.340408163 163.414 85.3
231.655328798 190.524 85.4
231.920907029 225.922 85.5
232.192290249 221.09 85.6
232.454965986 228.419 85.7
232.758276644 197.817 85.8
233.034013605 217.599 86.1
233.607256236 104.668 86.2
233.952653061 173.713 86.3
234.231292517 215.332 86.4
234.521541950 206.719 86.5
234.927891156 147.656 86.6
235.203628118 217.599 86.7
235.479365079 217.599 86.8
235.755102041 217.599 87.1
236.313832200 107.386 87.2
236.669387755 168.75 87.3
236.945124717 217.599 87.4
237.261496599 189.65 87.5
237.598185941 178.206 87.6
237.934875283 178.206 87.7
238.294784580 166.709 87.8
238.730158730 137.813 88.1
239.409342404 88.3413 88.2
240.362811791 62.9281 88.3
241.298866213 64.0988 88.4
241.629092971 181.693 88.5
241.899478458 221.905 88.6
242.205804989 195.869 88.7
242.416326531 285.006 88.8
242.634013605 275.625 89.1
242.902494331 223.48 89.2
243.159365079 233.581 89.3
243.424943311 225.922 89.4
243.647800454 269.231 89.5
243.896598639 241.159 89.6
244.173424036 216.743 89.7
244.564172336 153.552 89.8
245.064852608 119.837 90.1
245.841269841 77.278 90.2
246.661224490 73.1748 90.3
247.176417234 116.461 90.4
247.664897959 122.83 90.5
247.974603175 193.733 90.6
248.357913832 156.531 90.7
248.838095238 124.953 90.8
249.684172336 70.9155 91.1
250.536054422 70.4323 91.2
251.044943311 117.904 91.3
251.487891156 135.456 91.4
251.974807256 123.225 91.5
252.531746032 107.732 91.6
253.140952381 98.4888 91.7
253.748752834 98.7166 91.8