2.960544218 1.1
3.758730159 1.2
4.281179138 1.3
4.673015873 1.4
5.028571429 1.5
5.376870748 1.6
5.703401361 1.7
6.095238095 1.8
6.523356009 2.1
7.147392290 2.2
7.553741497 2.3
7.894784580 2.4
8.206802721 2.5
8.518820862 2.6
8.867120181 2.7
9.215419501 2.8
9.563718821 3.1
10.158730159 3.2
10.673922902 3.3
11.029478458 3.4
11.363265306 3.5
11.675283447 3.6
11.929251701 3.7
12.292063492 3.8
12.647619048 4.1
13.141043084 4.2
13.627210884 4.3
13.953741497 4.4
14.258503401 4.5
14.534240363 4.6
14.853514739 4.7
15.158276644 4.8
15.499319728 5.1
16.210430839 5.2
16.587755102 5.3
16.921541950 5.4
17.197278912 5.5
17.610884354 5.6
17.980952381 5.7
18.249433107 5.8
18.532426304 6.1
19.127437642 6.2
19.482993197 6.3
19.773242630 6.4
20.063492063 6.5
20.487664399 6.6
20.767346939 6.7
21.043083900 6.8
21.333333333 7.1
21.870294785 7.2
22.240362812 7.3
22.552380952 7.4
22.806349206 7.5
23.183673469 7.6
23.466666667 7.7
23.749659864 7.8
24.025396825 8.1
24.511564626 8.2
24.896145125 8.3
25.171882086 8.4
25.469387755 8.5
25.759637188 8.6
26.035374150 8.7
26.370294785 8.8
26.746485261 9.1
27.271179138 9.2
27.573696145 9.3
27.871700680 9.4
28.175963719 9.5
28.458956916 9.6
28.749206349 9.7
29.081428571 9.8
29.536961451 10.1
30.048072562 10.2
30.360090703 10.3
30.650340136 10.4
30.933333333 10.5
31.251496599 10.6
31.506575964 10.7
31.886621315 10.8
32.252517007 11.1
32.790929705 11.2
33.198752834 11.3
33.523809524 11.4
33.849160998 11.5
34.112063492 11.6
34.438095238 11.7
34.728344671 11.8
35.143401361 12.1
35.533786848 12.2
35.892698413 12.3
36.165986395 12.4
36.520498866 12.5
36.890702948 12.6
37.180952381 12.7
37.427664399 12.8
37.732426304 13.1
38.109750567 13.2
38.450793651 13.3
38.765351474 13.4
39.002267574 13.5
39.270748299 13.6
39.582766440 13.7
39.938321995 13.8
40.264852608 14.1
40.787301587 14.2
41.164784580 14.3
41.485464853 14.4
41.755668934 14.5
42.151473923 14.6
42.491315193 14.7
42.814829932 14.8
43.123809524 15.1
43.595464853 15.2
43.936507937 15.3
44.212244898 15.4
44.489433107 15.5
44.767029478 15.6
45.024943311 15.7
45.293424036 15.8
45.627210884 16.1
46.091609977 16.2
46.418140590 16.3
46.708390023 16.4
47.013151927 16.5
47.332426304 16.6
47.629931973 16.7
47.883900227 16.8
48.224943311 17.1
48.711111111 17.2
49.052154195 17.3
49.327891156 17.4
49.586213152 17.5
49.873605442 17.6
50.143492063 17.7
50.401814059 17.8
50.742857143 18.1
51.149206349 18.2
51.594739229 18.3
51.937573696 18.4
52.189433107 18.5
52.452902494 18.6
52.749319728 18.7
53.072970522 18.8
53.463945578 19.1
54.008163265 19.2
54.354036281 19.3
54.638526077 19.4
54.885147392 19.5
55.234467120 19.6
55.495691610 19.7
55.789546485 19.8
56.064580499 20.1
56.383764172 20.2
56.668299320 20.3
56.946938776 20.4
57.237188209 20.5
57.536757370 20.6
57.782857143 20.7
58.340136054 20.8
58.659410431 21.1
58.978684807 21.2
59.225396825 21.3
59.501133787 21.4
59.740589569 21.5
60.009070295 21.6
60.302222222 21.7
60.523356009 21.8
60.829024943 22.1
61.228117914 22.2
61.518367347 22.3
61.750566893 22.4
62.019047619 22.5
62.281201814 22.6
62.562222222 22.7
62.813083900 22.8
63.183492063 23.1
63.703106576 23.2
64.014512472 23.3
64.315532880 23.4
64.587755102 23.5
64.812698413 23.6
65.081179138 23.7
65.367120181 23.8
65.654421769 24.1
66.106507937 24.2
66.473083900 24.3
66.757369615 24.4
67.001564626 24.5
67.276666667 24.6
67.606349206 24.7
67.918367347 24.8
68.360997732 25.1
68.948752834 25.2
69.362358277 25.3
69.645351474 25.4
69.926893424 25.5
70.206643991 25.6
70.519002268 25.7
70.793061224 25.8
71.045804989 26.1
71.452154195 26.2
71.807709751 26.3
72.090702948 26.4
72.400158730 26.5
72.642176871 26.6
72.896145125 26.7
73.237188209 26.8
73.549206349 27.1
74.071655329 27.2
74.419954649 27.3
74.695691610 27.4
74.991768707 27.5
75.392290249 27.6
75.697052154 27.7
75.965532880 27.8
76.289160998 28.1
76.778231293 28.2
77.119274376 28.3
77.377392290 28.4
77.641723356 28.5
77.910204082 28.6
78.164172336 28.7
78.432653061 28.8
78.715646259 29.1
79.136507937 29.2
79.477551020 29.3
79.746031746 29.4
79.992743764 29.5
80.261224490 29.6
80.507936508 29.7
80.761904762 29.8
81.059410431 30.1
81.523809524 30.2
81.843083900 30.3
82.075283447 30.4
82.343764172 30.5
82.597732426 30.6
82.880725624 30.7
83.134693878 30.8
83.482993197 31.1
83.896598639 31.2
84.302947846 31.3
84.554444444 31.4
84.803628118 31.5
85.173696145 31.6
85.456689342 31.7
85.710657596 31.8
86.015419501 32.1
86.450793651 32.2
86.712018141 32.3
86.973242630 32.4
87.219954649 32.5
87.495691610 32.6
87.771428571 32.7
88.047165533 32.8
88.359183673 33.1
88.975963719 33.2
89.338775510 33.3
89.614512472 33.4
89.896054422 33.5
90.129705215 33.6
90.395283447 33.7
90.608616780 33.8
90.949659864 34.1
91.344535147 34.2
91.646258503 34.3
91.965532880 34.4
92.218049887 34.5
92.449206349 34.6
92.698412698 34.7
93.031043084 34.8
93.380498866 35.1
93.844897959 35.2
94.180748299 35.3
94.541496599 35.4
94.824489796 35.5
95.049433107 35.6
95.352970522 35.7
95.659319728 35.8
96.000000000 36.1
96.435374150 36.2
96.739115646 36.3
96.986848073 36.4
97.221950113 36.5
97.509478458 36.6
97.814058957 36.7
98.118820862 36.8
98.529319728 37.1
99.091156463 37.2
99.426190476 37.3
99.693424036 37.4
99.911111111 37.5
100.165079365 37.6
100.397278912 37.7
100.665759637 37.8
100.971972789 38.1
101.311564626 38.2
101.594557823 38.3
101.826757370 38.4
102.080725624 38.5
102.436462585 38.6
102.705374150 38.7
103.002698413 38.8
103.379523810 39.1
103.960090703 39.2
104.315646259 39.3
104.562358277 39.4
104.838095238 39.5
105.099319728 39.6
105.346031746 39.7
105.578231293 39.8
105.853968254 40.1
106.212199546 40.2
106.456235828 40.3
106.710204082 40.4
106.949659864 40.5
107.181859410 40.6
107.450340136 40.7
107.668027211 40.8
108.001814059 41.1
108.473469388 41.2
108.792607710 41.3
109.037301587 41.4
109.257142857 41.5
109.525623583 41.6
109.743310658 41.7
110.011791383 41.8
110.418140590 42.1
110.809977324 42.2
111.071201814 42.3
111.342176871 42.4
111.550113379 42.5
111.804081633 42.6
112.021768707 42.7
112.282993197 42.8
112.606371882 43.1
113.037641723 43.2
113.406258503 43.3
113.618140590 43.4
113.857596372 43.5
114.147278912 43.6
114.431451247 43.7
114.734535147 43.8
114.989569161 44.1
115.331791383 44.2
115.613605442 44.3
115.867573696 44.4
116.085260771 44.5
116.368253968 44.6
116.658503401 44.7
117.137414966 44.8
117.572789116 45.1
118.066213152 45.2
118.443537415 45.3
118.719274376 45.4
118.987755102 45.5
119.304512472 45.6
119.539229025 45.7
119.807709751 45.8
120.112471655 46.1
120.576870748 46.2
120.881632653 46.3
121.150113379 46.4
121.382312925 46.5
121.658049887 46.6
121.882993197 46.7
122.129705215 46.8
122.405442177 47.1
122.782766440 47.2
123.167346939 47.3
123.435283447 47.4
123.696213152 47.5
123.948072562 47.6
124.226757370 47.7
124.471496599 47.8
124.676643991 48.1
125.148299320 48.2
125.482086168 48.3
125.770997732 48.4
126.035895692 48.5
126.277800454 48.6
126.635827664 48.7
127.027664399 48.8
127.782312925 49.1
128.500680272 49.2
129.197278912 49.3
129.886621315 49.4
130.670294785 49.5
131.112925170 49.6
131.867573696 49.7
132.179591837 49.8
132.504671202 50.1
132.943673469 50.2
133.282630385 50.3
133.761451247 50.4
134.072018141 50.5
134.364875283 50.6
134.629297052 50.7
134.849886621 50.8
135.256235828 51.1
135.575510204 51.2
135.894784580 51.3
136.446258503 51.4
136.721995465 51.5
136.968707483 51.6
137.281451247 51.7
137.660045351 51.8
138.078911565 52.1
138.760997732 52.2
139.189115646 52.3
139.493877551 52.4
139.820408163 52.5
140.175963719 52.6
140.444444444 52.7
140.691156463 52.8
140.981405896 53.1
141.412925170 53.2
141.808616780 53.3
142.069841270 53.4
142.388231293 53.5
142.686621315 53.6
142.940589569 53.7
143.187301587 53.8
143.499319728 54.1
144.087074830 54.2
144.442630385 54.3
144.674829932 54.4
144.972335601 54.5
145.240816327 54.6
145.484625850 54.7
145.719727891 54.8
145.988208617 55.1
146.488888889 55.2
146.842993197 55.3
147.079727891 55.4
147.365442177 55.5
147.635374150 55.6
147.934535147 55.7
148.209795918 55.8
148.663265306 56.1
149.543764172 56.2
149.790476190 56.3
150.095238095 56.4
150.305668934 56.5
150.551451247 56.6
150.752403628 56.7
150.980498866 56.8
151.183673469 57.1
151.604535147 57.2
151.814965986 57.3
152.017800454 57.4
152.209705215 57.5
152.404988662 57.6
152.643854875 57.7
152.829002268 57.8
153.117097506 58.1
153.481564626 58.2
153.673582766 58.3
153.891609977 58.4
154.145668934 58.5
154.369501134 58.6
154.565034014 58.7
154.836507937 58.8
155.312471655 59.1
156.161451247 59.2
156.932063492 59.3
157.438548753 59.4
157.779591837 59.5
158.026303855 59.6
158.280272109 59.7
158.505215420 59.8
158.853514739 60.1
159.455782313 60.2
159.986825397 60.3
160.188662132 60.4
160.580498866 60.5
161.088435374 60.6
161.647165533 60.7
161.966439909 60.8
162.380045351 61.1
162.880725624 61.2
163.802267574 61.3
164.375510204 61.4
165.050340136 61.5
165.899319728 61.6
166.876077098 61.7
168.214058957 61.8
169.520181406 62.1
170.717460317 62.2
171.351655329 62.3
171.834920635 62.4
172.088888889 62.5
172.400907029 62.6
172.705668934 62.7
173.061224490 62.8
173.402267574 63.1
173.823129252 63.2
174.091609977 63.3
174.381859410 63.4
174.643083900 63.5
174.918820862 63.6
175.230725624 63.7
175.658956916 63.8
176.111746032 64.1
176.558730159 64.2
176.986848073 64.3
177.298866213 64.4
177.560090703 64.5
177.835827664 64.6
178.082539683 64.7
178.329251701 64.8
178.604716553 65.1
178.917006803 65.2
179.211609977 65.3
179.468480726 65.4
179.693424036 65.5
179.947392290 65.6
180.222811791 65.7
180.622222222 65.8
181.086621315 66.1
181.703401361 66.2
182.056054422 66.3
182.370975057 66.4
182.646712018 66.5
183.002267574 66.6
183.307029478 66.7
183.531972789 66.8
183.771428571 67.1
184.018140590 67.2
184.264852608 67.3
184.504308390 67.4
184.845351474 67.5
185.179138322 67.6
185.466417234 67.7
185.774149660 67.8
186.049886621 68.1
186.543310658 68.2
186.985941043 68.3
187.261678005 68.4
187.501133787 68.5
187.769614512 68.6
188.000362812 68.7
188.219501134 68.8
188.487981859 69.1
188.734693878 69.2
189.045260771 69.3
189.286167800 69.4
189.511111111 69.5
189.736054422 69.6
189.990022676 69.7
190.273015873 69.8
190.624217687 70.1
191.236825397 70.2
191.680725624 70.3
191.934693878 70.4
192.145124717 70.5
192.370068027 70.6
192.674829932 70.7
192.878004535 70.8
193.044897959 71.1
193.342403628 71.2
193.647165533 71.3
193.857596372 71.4
194.060770975 71.5
194.249433107 71.6
194.548390023 71.7
194.779138322 71.8
194.977959184 72.1
195.200000000 72.2
195.490249433 72.3
195.707936508 72.4
195.896598639 72.5
196.107029478 72.6
196.344648526 72.7
196.549659864 72.8
196.713061224 73.1
196.948752834 73.2
197.224489796 73.3
197.427664399 73.4
197.630839002 73.5
197.848526077 73.6
198.204512472 73.7
198.407256236 73.8
198.726530612 74.1
199.111111111 74.2
199.517460317 74.3
199.858503401 74.4
200.134240363 74.5
200.351927438 74.6
200.620408163 74.7
200.983219955 74.8
201.200907029 75.1
201.476643991 75.2
201.694331066 75.3
201.962811791 75.4
202.277188209 75.5
202.514285714 75.6
202.801564626 75.7
203.109297052 75.8
203.435827664 76.1
203.965532880 76.2
204.371882086 76.3
204.683900227 76.4
205.010158730 76.5
205.438548753 76.6
205.656235828 76.7
205.895691610 76.8
206.164172336 77.1
206.679365079 77.2
206.926077098 77.3
207.245351474 77.4
207.426757370 77.5
207.687981859 77.6
207.992743764 77.7
208.413605442 77.8
208.764013605 78.1
209.219047619 78.2
209.523809524 78.3
209.792290249 78.4
210.053514739 78.5
210.278458050 78.6
210.553401361 78.7
210.858956916 78.8
211.112925170 79.1
211.432199546 79.2
211.746009070 79.3
211.998185941 79.4
212.297981859 79.5
212.585941043 79.6
212.880839002 79.7
213.318820862 79.8
213.809342404 80.1
214.545306122 80.2
215.283809524 80.3
215.865759637 80.4
216.122811791 80.5
216.344671202 80.6
216.562403628 80.7
216.772789116 80.8
216.998253968 81.1
217.317006803 81.2
217.548072562 81.3
218.006349206 81.4
218.499773243 81.5
219.072766440 81.6
219.633197279 81.7
220.480725624 81.8
221.293424036 82.1
222.345578231 82.2
222.923174603 82.3
223.303401361 82.4
223.651700680 82.5
223.978231293 82.6
224.304761905 82.7
224.609523810 82.8
224.979591837 83.1
225.523809524 83.2
225.964988662 83.3
226.256689342 83.4
226.571224490 83.5
226.924263039 83.6
227.207256236 83.7
227.519274376 83.8
227.845804989 84.1
228.266666667 84.2
228.693333333 84.3
228.999546485 84.4
229.297052154 84.5
229.565532880 84.6
229.885668934 84.7
230.146031746 84.8
230.527709751 85.1
230.973242630 85.2
231.340408163 85.3
231.655328798 85.4
231.920907029 85.5
232.192290249 85.6
232.454965986 85.7
232.758276644 85.8
233.034013605 86.1
233.607256236 86.2
233.952653061 86.3
234.231292517 86.4
234.521541950 86.5
234.927891156 86.6
235.203628118 86.7
235.479365079 86.8
235.755102041 87.1
236.313832200 87.2
236.669387755 87.3
236.945124717 87.4
237.261496599 87.5
237.598185941 87.6
237.934875283 87.7
238.294784580 87.8
238.730158730 88.1
239.409342404 88.2
240.362811791 88.3
241.298866213 88.4
241.629092971 88.5
241.899478458 88.6
242.205804989 88.7
242.416326531 88.8
242.634013605 89.1
242.902494331 89.2
243.159365079 89.3
243.424943311 89.4
243.647800454 89.5
243.896598639 89.6
244.173424036 89.7
244.564172336 89.8
245.064852608 90.1
245.841269841 90.2
246.661224490 90.3
247.176417234 90.4
247.664897959 90.5
247.974603175 90.6
248.357913832 90.7
248.838095238 90.8
249.684172336 91.1
250.536054422 91.2
251.044943311 91.3
251.487891156 91.4
251.974807256 91.5
252.531746032 91.6
253.140952381 91.7
253.748752834 91.8