2.960544218 0.798186 1.1
3.758730159 0.522449 1.2
4.281179138 0.391837 1.3
4.673015873 0.355556 1.4
5.028571429 0.348299 1.5
5.376870748 0.326531 1.6
5.703401361 0.391837 1.7
6.095238095 0.428118 1.8
6.523356009 0.624036 2.1
7.147392290 0.406349 2.2
7.553741497 0.341043 2.3
7.894784580 0.312018 2.4
8.206802721 0.312018 2.5
8.518820862 0.348299 2.6
8.867120181 0.348299 2.7
9.215419501 0.348299 2.8
9.563718821 0.595011 3.1
10.158730159 0.515193 3.2
10.673922902 0.355556 3.3
11.029478458 0.333787 3.4
11.363265306 0.312018 3.5
11.675283447 0.253968 3.6
11.929251701 0.362812 3.7
12.292063492 0.355556 3.8
12.647619048 0.493424 4.1
13.141043084 0.486168 4.2
13.627210884 0.326531 4.3
13.953741497 0.304762 4.4
14.258503401 0.275737 4.5
14.534240363 0.319274 4.6
14.853514739 0.304762 4.7
15.158276644 0.341043 4.8
15.499319728 0.711111 5.1
16.210430839 0.377324 5.2
16.587755102 0.333787 5.3
16.921541950 0.275737 5.4
17.197278912 0.413605 5.5
17.610884354 0.370068 5.6
17.980952381 0.268481 5.7
18.249433107 0.282993 5.8
18.532426304 0.595011 6.1
19.127437642 0.355556 6.2
19.482993197 0.290249 6.3
19.773242630 0.290249 6.4
20.063492063 0.424172 6.5
20.487664399 0.279683 6.6
20.767346939 0.275737 6.7
21.043083900 0.290249 6.8
21.333333333 0.536961 7.1
21.870294785 0.370068 7.2
22.240362812 0.312018 7.3
22.552380952 0.253968 7.4
22.806349206 0.377324 7.5
23.183673469 0.282993 7.6
23.466666667 0.282993 7.7
23.749659864 0.275737 7.8
24.025396825 0.486168 8.1
24.511564626 0.38458 8.2
24.896145125 0.275737 8.3
25.171882086 0.297506 8.4
25.469387755 0.290249 8.5
25.759637188 0.275737 8.6
26.035374150 0.334921 8.7
26.370294785 0.37619 8.8
26.746485261 0.524694 9.1
27.271179138 0.302517 9.2
27.573696145 0.298005 9.3
27.871700680 0.304263 9.4
28.175963719 0.282993 9.5
28.458956916 0.290249 9.6
28.749206349 0.332222 9.7
29.081428571 0.455533 9.8
29.536961451 0.511111 10.1
30.048072562 0.312018 10.2
30.360090703 0.290249 10.3
30.650340136 0.282993 10.4
30.933333333 0.318163 10.5
31.251496599 0.255079 10.6
31.506575964 0.380045 10.7
31.886621315 0.365896 10.8
32.252517007 0.538413 11.1
32.790929705 0.407823 11.2
33.198752834 0.325057 11.3
33.523809524 0.325351 11.4
33.849160998 0.262902 11.5
34.112063492 0.326032 11.6
34.438095238 0.290249 11.7
34.728344671 0.415057 11.8
35.143401361 0.390385 12.1
35.533786848 0.358912 12.2
35.892698413 0.273288 12.3
36.165986395 0.354512 12.4
36.520498866 0.370204 12.5
36.890702948 0.290249 12.6
37.180952381 0.246712 12.7
37.427664399 0.304762 12.8
37.732426304 0.377324 13.1
38.109750567 0.341043 13.2
38.450793651 0.314558 13.3
38.765351474 0.236916 13.4
39.002267574 0.268481 13.5
39.270748299 0.312018 13.6
39.582766440 0.355556 13.7
39.938321995 0.326531 13.8
40.264852608 0.522449 14.1
40.787301587 0.377483 14.2
41.164784580 0.32068 14.3
41.485464853 0.270204 14.4
41.755668934 0.395805 14.5
42.151473923 0.339841 14.6
42.491315193 0.323515 14.7
42.814829932 0.30898 14.8
43.123809524 0.471655 15.1
43.595464853 0.341043 15.2
43.936507937 0.275737 15.3
44.212244898 0.277188 15.4
44.489433107 0.277596 15.5
44.767029478 0.257914 15.6
45.024943311 0.268481 15.7
45.293424036 0.333787 15.8
45.627210884 0.464399 16.1
46.091609977 0.326531 16.2
46.418140590 0.290249 16.3
46.708390023 0.304762 16.4
47.013151927 0.319274 16.5
47.332426304 0.297506 16.6
47.629931973 0.253968 16.7
47.883900227 0.341043 16.8
48.224943311 0.486168 17.1
48.711111111 0.341043 17.2
49.052154195 0.275737 17.3
49.327891156 0.258322 17.4
49.586213152 0.287392 17.5
49.873605442 0.269887 17.6
50.143492063 0.258322 17.7
50.401814059 0.341043 17.8
50.742857143 0.406349 18.1
51.149206349 0.445533 18.2
51.594739229 0.342834 18.3
51.937573696 0.251859 18.4
52.189433107 0.263469 18.5
52.452902494 0.296417 18.6
52.749319728 0.323651 18.7
53.072970522 0.390975 18.8
53.463945578 0.544218 19.1
54.008163265 0.345873 19.2
54.354036281 0.28449 19.3
54.638526077 0.246621 19.4
54.885147392 0.34932 19.5
55.234467120 0.261224 19.6
55.495691610 0.293855 19.7
55.789546485 0.275034 19.8
56.064580499 0.319184 20.1
56.383764172 0.284535 20.2
56.668299320 0.278639 20.3
56.946938776 0.290249 20.4
57.237188209 0.299569 20.5
57.536757370 0.2461 20.6
57.782857143 0.557279 20.7
58.340136054 0.319274 20.8
58.659410431 0.319274 21.1
58.978684807 0.246712 21.2
59.225396825 0.275737 21.3
59.501133787 0.239456 21.4
59.740589569 0.268481 21.5
60.009070295 0.293152 21.6
60.302222222 0.221134 21.7
60.523356009 0.305669 21.8
60.829024943 0.399093 22.1
61.228117914 0.290249 22.2
61.518367347 0.2322 22.3
61.750566893 0.268481 22.4
62.019047619 0.262154 22.5
62.281201814 0.28102 22.6
62.562222222 0.250862 22.7
62.813083900 0.370408 22.8
63.183492063 0.519615 23.1
63.703106576 0.311406 23.2
64.014512472 0.30102 23.3
64.315532880 0.272222 23.4
64.587755102 0.224943 23.5
64.812698413 0.268481 23.6
65.081179138 0.285941 23.7
65.367120181 0.287302 23.8
65.654421769 0.452086 24.1
66.106507937 0.366576 24.2
66.473083900 0.284286 24.3
66.757369615 0.244195 24.4
67.001564626 0.275102 24.5
67.276666667 0.329683 24.6
67.606349206 0.312018 24.7
67.918367347 0.44263 24.8
68.360997732 0.587755 25.1
68.948752834 0.413605 25.2
69.362358277 0.282993 25.3
69.645351474 0.281542 25.4
69.926893424 0.279751 25.5
70.206643991 0.312358 25.6
70.519002268 0.274059 25.7
70.793061224 0.252744 25.8
71.045804989 0.406349 26.1
71.452154195 0.355556 26.2
71.807709751 0.282993 26.3
72.090702948 0.309456 26.4
72.400158730 0.242018 26.5
72.642176871 0.253968 26.6
72.896145125 0.341043 26.7
73.237188209 0.312018 26.8
73.549206349 0.522449 27.1
74.071655329 0.348299 27.2
74.419954649 0.275737 27.3
74.695691610 0.296077 27.4
74.991768707 0.400522 27.5
75.392290249 0.304762 27.6
75.697052154 0.268481 27.7
75.965532880 0.323628 27.8
76.289160998 0.48907 28.1
76.778231293 0.341043 28.2
77.119274376 0.258118 28.3
77.377392290 0.264331 28.4
77.641723356 0.268481 28.5
77.910204082 0.253968 28.6
78.164172336 0.268481 28.7
78.432653061 0.282993 28.8
78.715646259 0.420862 29.1
79.136507937 0.341043 29.2
79.477551020 0.268481 29.3
79.746031746 0.246712 29.4
79.992743764 0.268481 29.5
80.261224490 0.246712 29.6
80.507936508 0.253968 29.7
80.761904762 0.297506 29.8
81.059410431 0.464399 30.1
81.523809524 0.319274 30.2
81.843083900 0.2322 30.3
82.075283447 0.268481 30.4
82.343764172 0.253968 30.5
82.597732426 0.282993 30.6
82.880725624 0.253968 30.7
83.134693878 0.348299 30.8
83.482993197 0.413605 31.1
83.896598639 0.406349 31.2
84.302947846 0.251497 31.3
84.554444444 0.249184 31.4
84.803628118 0.370068 31.5
85.173696145 0.282993 31.6
85.456689342 0.253968 31.7
85.710657596 0.304762 31.8
86.015419501 0.435374 32.1
86.450793651 0.261224 32.2
86.712018141 0.261224 32.3
86.973242630 0.246712 32.4
87.219954649 0.275737 32.5
87.495691610 0.275737 32.6
87.771428571 0.275737 32.7
88.047165533 0.312018 32.8
88.359183673 0.61678 33.1
88.975963719 0.362812 33.2
89.338775510 0.275737 33.3
89.614512472 0.281542 33.4
89.896054422 0.233651 33.5
90.129705215 0.265578 33.6
90.395283447 0.213333 33.7
90.608616780 0.341043 33.8
90.949659864 0.394875 34.1
91.344535147 0.301723 34.2
91.646258503 0.319274 34.3
91.965532880 0.252517 34.4
92.218049887 0.231156 34.5
92.449206349 0.249206 34.6
92.698412698 0.33263 34.7
93.031043084 0.349456 34.8
93.380498866 0.464399 35.1
93.844897959 0.33585 35.2
94.180748299 0.360748 35.3
94.541496599 0.282993 35.4
94.824489796 0.224943 35.5
95.049433107 0.303537 35.6
95.352970522 0.306349 35.7
95.659319728 0.34068 35.8
96.000000000 0.435374 36.1
96.435374150 0.303741 36.2
96.739115646 0.247732 36.3
96.986848073 0.235102 36.4
97.221950113 0.287528 36.5
97.509478458 0.304581 36.6
97.814058957 0.304762 36.7
98.118820862 0.410499 36.8
98.529319728 0.561837 37.1
99.091156463 0.335034 37.2
99.426190476 0.267234 37.3
99.693424036 0.217687 37.4
99.911111111 0.253968 37.5
100.165079365 0.2322 37.6
100.397278912 0.268481 37.7
100.665759637 0.306213 37.8
100.971972789 0.339592 38.1
101.311564626 0.282993 38.2
101.594557823 0.2322 38.3
101.826757370 0.253968 38.4
102.080725624 0.355737 38.5
102.436462585 0.268912 38.6
102.705374150 0.297324 38.7
103.002698413 0.376825 38.8
103.379523810 0.580567 39.1
103.960090703 0.355556 39.2
104.315646259 0.246712 39.3
104.562358277 0.275737 39.4
104.838095238 0.261224 39.5
105.099319728 0.246712 39.6
105.346031746 0.2322 39.7
105.578231293 0.275737 39.8
105.853968254 0.358231 40.1
106.212199546 0.244036 40.2
106.456235828 0.253968 40.3
106.710204082 0.239456 40.4
106.949659864 0.2322 40.5
107.181859410 0.268481 40.6
107.450340136 0.217687 40.7
107.668027211 0.333787 40.8
108.001814059 0.471655 41.1
108.473469388 0.319138 41.2
108.792607710 0.244694 41.3
109.037301587 0.219841 41.4
109.257142857 0.268481 41.5
109.525623583 0.217687 41.6
109.743310658 0.268481 41.7
110.011791383 0.406349 41.8
110.418140590 0.391837 42.1
110.809977324 0.261224 42.2
111.071201814 0.270975 42.3
111.342176871 0.207937 42.4
111.550113379 0.253968 42.5
111.804081633 0.217687 42.6
112.021768707 0.261224 42.7
112.282993197 0.323379 42.8
112.606371882 0.43127 43.1
113.037641723 0.368617 43.2
113.406258503 0.211882 43.3
113.618140590 0.239456 43.4
113.857596372 0.289683 43.5
114.147278912 0.284172 43.6
114.431451247 0.303084 43.7
114.734535147 0.255034 43.8
114.989569161 0.342222 44.1
115.331791383 0.281814 44.2
115.613605442 0.253968 44.3
115.867573696 0.217687 44.4
116.085260771 0.282993 44.5
116.368253968 0.290249 44.6
116.658503401 0.478912 44.7
117.137414966 0.435374 44.8
117.572789116 0.493424 45.1
118.066213152 0.377324 45.2
118.443537415 0.275737 45.3
118.719274376 0.268481 45.4
118.987755102 0.316757 45.5
119.304512472 0.234717 45.6
119.539229025 0.268481 45.7
119.807709751 0.304762 45.8
120.112471655 0.464399 46.1
120.576870748 0.304762 46.2
120.881632653 0.268481 46.3
121.150113379 0.2322 46.4
121.382312925 0.275737 46.5
121.658049887 0.224943 46.6
121.882993197 0.246712 46.7
122.129705215 0.275737 46.8
122.405442177 0.377324 47.1
122.782766440 0.38458 47.2
123.167346939 0.267936 47.3
123.435283447 0.26093 47.4
123.696213152 0.251859 47.5
123.948072562 0.278685 47.6
124.226757370 0.244739 47.7
124.471496599 0.205147 47.8
124.676643991 0.471655 48.1
125.148299320 0.333787 48.2
125.482086168 0.288912 48.3
125.770997732 0.264898 48.4
126.035895692 0.241905 48.5
126.277800454 0.358027 48.6
126.635827664 0.391837 48.7
127.027664399 0.754649 48.8
127.782312925 0.718367 49.1
128.500680272 0.696599 49.2
129.197278912 0.689342 49.3
129.886621315 0.783673 49.4
130.670294785 0.44263 49.5
131.112925170 0.754649 49.6
131.867573696 0.312018 49.7
132.179591837 0.325079 49.8
132.504671202 0.439002 50.1
132.943673469 0.338957 50.2
133.282630385 0.478821 50.3
133.761451247 0.310567 50.4
134.072018141 0.292857 50.5
134.364875283 0.264422 50.6
134.629297052 0.22059 50.7
134.849886621 0.406349 50.8
135.256235828 0.319274 51.1
135.575510204 0.319274 51.2
135.894784580 0.551474 51.3
136.446258503 0.275737 51.4
136.721995465 0.246712 51.5
136.968707483 0.312744 51.6
137.281451247 0.378594 51.7
137.660045351 0.418866 51.8
138.078911565 0.682086 52.1
138.760997732 0.428118 52.2
139.189115646 0.304762 52.3
139.493877551 0.326531 52.4
139.820408163 0.355556 52.5
140.175963719 0.268481 52.6
140.444444444 0.246712 52.7
140.691156463 0.290249 52.8
140.981405896 0.431519 53.1
141.412925170 0.395692 53.2
141.808616780 0.261224 53.3
142.069841270 0.31839 53.4
142.388231293 0.29839 53.5
142.686621315 0.253968 53.6
142.940589569 0.246712 53.7
143.187301587 0.312018 53.8
143.499319728 0.587755 54.1
144.087074830 0.355556 54.2
144.442630385 0.2322 54.3
144.674829932 0.297506 54.4
144.972335601 0.268481 54.5
145.240816327 0.24381 54.6
145.484625850 0.235102 54.7
145.719727891 0.268481 54.8
145.988208617 0.50068 55.1
146.488888889 0.354104 55.2
146.842993197 0.236735 55.3
147.079727891 0.285714 55.4
147.365442177 0.269932 55.5
147.635374150 0.299161 55.6
147.934535147 0.275261 55.7
148.209795918 0.453469 55.8
148.663265306 0.880499 56.1
149.543764172 0.246712 56.2
149.790476190 0.304762 56.3
150.095238095 0.210431 56.4
150.305668934 0.245782 56.5
150.551451247 0.200952 56.6
150.752403628 0.228095 56.7
150.980498866 0.203175 56.8
151.183673469 0.420862 57.1
151.604535147 0.210431 57.2
151.814965986 0.202834 57.3
152.017800454 0.191905 57.4
152.209705215 0.195283 57.5
152.404988662 0.238866 57.6
152.643854875 0.185147 57.7
152.829002268 0.288095 57.8
153.117097506 0.364467 58.1
153.481564626 0.192018 58.2
153.673582766 0.218027 58.3
153.891609977 0.254059 58.4
154.145668934 0.223832 58.5
154.369501134 0.195533 58.6
154.565034014 0.271474 58.7
154.836507937 0.475964 58.8
155.312471655 0.84898 59.1
156.161451247 0.770612 59.2
156.932063492 0.506485 59.3
157.438548753 0.341043 59.4
157.779591837 0.246712 59.5
158.026303855 0.253968 59.6
158.280272109 0.224943 59.7
158.505215420 0.348299 59.8
158.853514739 0.602268 60.1
159.455782313 0.531043 60.2
159.986825397 0.201837 60.3
160.188662132 0.391837 60.4
160.580498866 0.507937 60.5
161.088435374 0.55873 60.6
161.647165533 0.319274 60.7
161.966439909 0.413605 60.8
162.380045351 0.50068 61.1
162.880725624 0.921542 61.2
163.802267574 0.573243 61.3
164.375510204 0.67483 61.4
165.050340136 0.84898 61.5
165.899319728 0.976757 61.6
166.876077098 1.33798 61.7
168.214058957 1.30612 61.8
169.520181406 1.19728 62.1
170.717460317 0.634195 62.2
171.351655329 0.483265 62.3
171.834920635 0.253968 62.4
172.088888889 0.312018 62.5
172.400907029 0.304762 62.6
172.705668934 0.355556 62.7
173.061224490 0.341043 62.8
173.402267574 0.420862 63.1
173.823129252 0.268481 63.2
174.091609977 0.290249 63.3
174.381859410 0.261224 63.4
174.643083900 0.275737 63.5
174.918820862 0.311905 63.6
175.230725624 0.428231 63.7
175.658956916 0.452789 63.8
176.111746032 0.446984 64.1
176.558730159 0.428118 64.2
176.986848073 0.312018 64.3
177.298866213 0.261224 64.4
177.560090703 0.275737 64.5
177.835827664 0.246712 64.6
178.082539683 0.246712 64.7
178.329251701 0.275465 64.8
178.604716553 0.31229 65.1
178.917006803 0.294603 65.2
179.211609977 0.256871 65.3
179.468480726 0.224943 65.4
179.693424036 0.253968 65.5
179.947392290 0.27542 65.6
180.222811791 0.39941 65.7
180.622222222 0.464399 65.8
181.086621315 0.61678 66.1
181.703401361 0.352653 66.2
182.056054422 0.314921 66.3
182.370975057 0.275737 66.4
182.646712018 0.355556 66.5
183.002267574 0.304762 66.6
183.307029478 0.224943 66.7
183.531972789 0.239456 66.8
183.771428571 0.246712 67.1
184.018140590 0.246712 67.2
184.264852608 0.239456 67.3
184.504308390 0.341043 67.4
184.845351474 0.333787 67.5
185.179138322 0.287279 67.6
185.466417234 0.307732 67.7
185.774149660 0.275737 67.8
186.049886621 0.493424 68.1
186.543310658 0.44263 68.2
186.985941043 0.275737 68.3
187.261678005 0.239456 68.4
187.501133787 0.268481 68.5
187.769614512 0.230748 68.6
188.000362812 0.219138 68.7
188.219501134 0.268481 68.8
188.487981859 0.246712 69.1
188.734693878 0.310567 69.2
189.045260771 0.240907 69.3
189.286167800 0.224943 69.4
189.511111111 0.224943 69.5
189.736054422 0.253968 69.6
189.990022676 0.282993 69.7
190.273015873 0.351202 69.8
190.624217687 0.612608 70.1
191.236825397 0.4439 70.2
191.680725624 0.253968 70.3
191.934693878 0.210431 70.4
192.145124717 0.224943 70.5
192.370068027 0.304762 70.6
192.674829932 0.203175 70.7
192.878004535 0.166893 70.8
193.044897959 0.297506 71.1
193.342403628 0.304762 71.2
193.647165533 0.210431 71.3
193.857596372 0.203175 71.4
194.060770975 0.188662 71.5
194.249433107 0.298957 71.6
194.548390023 0.230748 71.7
194.779138322 0.198821 71.8
194.977959184 0.222041 72.1
195.200000000 0.290249 72.2
195.490249433 0.217687 72.3
195.707936508 0.188662 72.4
195.896598639 0.210431 72.5
196.107029478 0.237619 72.6
196.344648526 0.205011 72.7
196.549659864 0.163401 72.8
196.713061224 0.235692 73.1
196.948752834 0.275737 73.2
197.224489796 0.203175 73.3
197.427664399 0.203175 73.4
197.630839002 0.217687 73.5
197.848526077 0.355986 73.6
198.204512472 0.202744 73.7
198.407256236 0.319274 73.8
198.726530612 0.38458 74.1
199.111111111 0.406349 74.2
199.517460317 0.341043 74.3
199.858503401 0.275737 74.4
200.134240363 0.217687 74.5
200.351927438 0.268481 74.6
200.620408163 0.362812 74.7
200.983219955 0.217687 74.8
201.200907029 0.275737 75.1
201.476643991 0.217687 75.2
201.694331066 0.268481 75.3
201.962811791 0.314376 75.4
202.277188209 0.237098 75.5
202.514285714 0.287279 75.6
202.801564626 0.307732 75.7
203.109297052 0.326531 75.8
203.435827664 0.529705 76.1
203.965532880 0.406349 76.2
204.371882086 0.312018 76.3
204.683900227 0.326259 76.4
205.010158730 0.42839 76.5
205.438548753 0.217687 76.6
205.656235828 0.239456 76.7
205.895691610 0.268481 76.8
206.164172336 0.515193 77.1
206.679365079 0.246712 77.2
206.926077098 0.319274 77.3
207.245351474 0.181406 77.4
207.426757370 0.261224 77.5
207.687981859 0.304762 77.6
207.992743764 0.420862 77.7
208.413605442 0.350408 77.8
208.764013605 0.455034 78.1
209.219047619 0.304762 78.2
209.523809524 0.268481 78.3
209.792290249 0.261224 78.4
210.053514739 0.224943 78.5
210.278458050 0.274943 78.6
210.553401361 0.305556 78.7
210.858956916 0.253968 78.8
211.112925170 0.319274 79.1
211.432199546 0.31381 79.2
211.746009070 0.252177 79.3
211.998185941 0.299796 79.4
212.297981859 0.287959 79.5
212.585941043 0.294898 79.6
212.880839002 0.437982 79.7
213.318820862 0.490522 79.8
213.809342404 0.735964 80.1
214.545306122 0.738503 80.2
215.283809524 0.58195 80.3
215.865759637 0.257052 80.4
216.122811791 0.221859 80.5
216.344671202 0.217732 80.6
216.562403628 0.210385 80.7
216.772789116 0.225465 80.8
216.998253968 0.318753 81.1
217.317006803 0.231066 81.2
217.548072562 0.458277 81.3
218.006349206 0.493424 81.4
218.499773243 0.572993 81.5
219.072766440 0.560431 81.6
219.633197279 0.847528 81.7
220.480725624 0.812698 81.8
221.293424036 1.05215 82.1
222.345578231 0.577596 82.2
222.923174603 0.380227 82.3
223.303401361 0.348299 82.4
223.651700680 0.326531 82.5
223.978231293 0.326531 82.6
224.304761905 0.304762 82.7
224.609523810 0.370068 82.8
224.979591837 0.544218 83.1
225.523809524 0.441179 83.2
225.964988662 0.291701 83.3
226.256689342 0.314535 83.4
226.571224490 0.353039 83.5
226.924263039 0.282993 83.6
227.207256236 0.312018 83.7
227.519274376 0.326531 83.8
227.845804989 0.420862 84.1
228.266666667 0.426667 84.2
228.693333333 0.306213 84.3
228.999546485 0.297506 84.4
229.297052154 0.268481 84.5
229.565532880 0.320136 84.6
229.885668934 0.260363 84.7
230.146031746 0.381678 84.8
230.527709751 0.445533 85.1
230.973242630 0.367166 85.2
231.340408163 0.314921 85.3
231.655328798 0.265578 85.4
231.920907029 0.271383 85.5
232.192290249 0.262676 85.6
232.454965986 0.303311 85.7
232.758276644 0.275737 85.8
233.034013605 0.573243 86.1
233.607256236 0.345397 86.2
233.952653061 0.278639 86.3
234.231292517 0.290249 86.4
234.521541950 0.406349 86.5
234.927891156 0.275737 86.6
235.203628118 0.275737 86.7
235.479365079 0.275737 86.8
235.755102041 0.55873 87.1
236.313832200 0.355556 87.2
236.669387755 0.275737 87.3
236.945124717 0.316372 87.4
237.261496599 0.336689 87.5
237.598185941 0.336689 87.6
237.934875283 0.359909 87.7
238.294784580 0.435374 87.8
238.730158730 0.679184 88.1
239.409342404 0.953469 88.2
240.362811791 0.936054 88.3
241.298866213 0.330227 88.4
241.629092971 0.270385 88.5
241.899478458 0.306327 88.6
242.205804989 0.210522 88.7
242.416326531 0.217687 88.8
242.634013605 0.268481 89.1
242.902494331 0.256871 89.2
243.159365079 0.265578 89.3
243.424943311 0.222857 89.4
243.647800454 0.248798 89.5
243.896598639 0.276825 89.6
244.173424036 0.390748 89.7
244.564172336 0.50068 89.8
245.064852608 0.776417 90.1
245.841269841 0.819955 90.2
246.661224490 0.515193 90.3
247.176417234 0.488481 90.4
247.664897959 0.309705 90.5
247.974603175 0.383311 90.6
248.357913832 0.480181 90.7
248.838095238 0.846077 90.8
249.684172336 0.851882 91.1
250.536054422 0.508889 91.2
251.044943311 0.442948 91.3
251.487891156 0.486916 91.4
251.974807256 0.556939 91.5
252.531746032 0.609206 91.6
253.140952381 0.6078 91.7
253.748752834 91.8