###data-type:		Global Beat Dynamics (0.2x2 smoothing; 100 ms delay)
###extraction-date:	Mon Jul 11 05:40:08 PDT 2022
2.586	70.3	0 1
5.081	81.1	24.051 2
7.04	77.4	30.625 3
9.086	79.6	29.3218 4
11.08	80.4	30.0901 5
13.031	78.7	30.7617 6
14.981	79.7	30.7617 7
16.932	81.4	30.7617 8
18.895	74.6	30.5571 9
20.946	76.4	29.2596 10
22.896	79.2	30.7617 11
24.886	78.5	30.1559 12
26.736	79.4	32.4265 13
28.595	83.8	32.2746 14
30.742	72.0	27.9539 15
32.788	80.9	29.3218 16
34.73	80.7	30.8997 17
36.659	79.7	31.1089 18
38.818	81.2	27.7848 19
40.956	86.2	28.0677 20
42.832	79.3	31.9751 21
44.677	79.2	32.5285 22
46.541	79.7	32.1741 23
48.472	82.5	31.0855 24
50.351	77.0	31.9257 25
52.402	83.5	29.2596 26
54.557	78.8	27.8409 27
56.742	81.8	27.4527 28
58.675	78.2	31.0389 29
60.621	75.5	30.8305 30
62.607	77.8	30.222 31
65.001	84.3	25.0568 32
67.03	77.9	29.5735 33
69.207	77.2	27.5625 34
71.205	79.6	30.0245 35
73.461	80.6	26.6047 36
75.585	75.8	28.2403 37
77.71	80.4	28.2403 38
79.974	76.1	26.5024 39
82.038	82.1	29.0744 40
84.048	82.4	29.8396 41
86.174	84.2	28.2312 42
88.329	83.6	27.8409 43
90.466	82.0	28.0677 44
92.909	75.7	24.5655 45
95.203	81.7	26.1504 46
97.297	79.9	28.6512 47
99.369	78.5	28.9703 48
102.178	70.7	21.3564 49
106.623	74.7	13.4978 50
108.517	75.3	31.681 51
110.546	78.0	29.5735 52
113.097	81.6	23.5175 53
115.056	78.4	30.625 54
117.272	81.1	27.0751 55
119.728	72.3	24.4348 56
123.346	80.8	16.5839 57
125.745	84.0	25.0113 58
127.935	78.9	27.3981 59
131.818	80.6	15.4498 60
137.483	87.3	10.592 61
143.598	73.0	9.81177 62
146.442	81.3	21.0938 63
149.072	77.8	22.8166 64
151.359	77.0	26.2333 65
153.821	75.2	24.3772 66
156.282	78.3	24.3772 67
158.378	77.7	28.6314 68
160.705	84.4	25.7754 69
163.178	74.6	24.2628 70
166.441	78.7	18.3913 71
168.583	78.8	28.0107 72
170.549	85.4	30.5116 73
172.687	77.9	28.068 74
174.991	86.0	26.0351 75
177.198	80.6	27.1873 76
180.204	80.2	19.9623 77
182.864	82.6	22.5527 78
185.202	81.9	25.6706 79
187.82	77.6	22.9121 80
192.239	81.1	13.5793 81
198.408	75.8	9.72526 82
200.989	80.8	23.2536 83
202.918	80.6	31.0979 84
204.875	82.0	30.6537 85
206.809	81.1	31.0228 86
208.869	80.5	29.1281 87
211.371	77.9	23.9813 88
215.2	80.9	15.6695 89
217.304	79.8	28.5225 90
221.106	77.0	15.7804 91
