2.586122449 2.49469 1
5.080816327 1.95918 2
7.040000000 2.04626 3
9.086258503 1.99401 4
11.080272109 1.95048 5
13.030748299 1.95048 6
14.981224490 1.95048 7
16.931700680 1.96354 8
18.895238095 2.05061 9
20.945850340 1.95048 10
22.896326531 1.98966 11
24.885986395 1.85034 12
26.736326531 1.85905 13
28.595374150 2.14639 14
30.741768707 2.04626 15
32.788027211 1.94177 16
34.729795918 1.92871 17
36.658503401 2.15946 18
38.817959184 2.13769 19
40.955646259 1.87646 20
42.832108844 1.84454 21
44.676643991 1.86485 22
46.541496599 1.93016 23
48.471655329 1.87937 24
50.351020408 2.05061 25
52.401632653 2.1551 26
54.556734694 2.18558 27
56.742312925 1.93306 28
58.675374150 1.94612 29
60.621496599 1.98531 30
62.606802721 2.39456 31
65.001360544 2.02884 32
67.030204082 2.17687 33
69.207074830 1.99837 34
71.205442177 2.25524 35
73.460680272 2.12463 36
75.585306122 2.12463 37
77.709931973 2.26395 38
79.973877551 2.06367 39
82.037551020 2.01075 40
84.048299320 2.12531 41
86.173605442 2.1551 42
88.328707483 2.13769 43
90.466394558 2.44245 44
92.908843537 2.29442 45
95.203265306 2.09415 46
97.297414966 2.07109 47
99.368503401 2.80946 48
102.177959184 4.44517 49
106.623129252 1.89388 50
108.517006803 2.02884 51
110.545850340 2.55129 52
113.097142857 1.95918 53
115.056326531 2.21605 54
117.272380952 2.45551 55
119.727891156 3.61796 56
123.345850340 2.39891 57
125.744761905 2.18993 58
127.934693878 3.88354 59
131.818231293 5.66467 60
137.482902494 6.1151 61
143.598004535 2.84444 62
146.442448980 2.62966 63
149.072108844 2.28717 64
151.359274376 2.46132 65
153.820589569 2.46132 66
156.281904762 2.0956 67
158.377505669 2.3278 68
160.705306122 2.47293 69
163.178231293 3.2624 70
166.440634921 2.14204 71
168.582675737 1.96646 72
170.549138322 2.13766 73
172.686802721 2.30458 74
174.991383220 2.20692 75
177.198299320 3.00567 76
180.203968254 2.66043 77
182.864399093 2.3373 78
185.201700680 2.61871 79
187.820408163 4.41848 80
192.238888889 6.1695 81
198.408390023 2.58025 82
200.988639456 1.92939 83
202.918027211 1.95735 84
204.875374150 1.93406 85
206.809433107 2.05986 86
208.869297052 2.50195 87
211.371247166 3.82909 88
215.200340136 2.10361 89
217.303945578 3.80218 90
221.106122449 91