2.586122449 0 1
5.080816327 24.051 2
7.040000000 30.625 3
9.086258503 29.3218 4
11.080272109 30.0901 5
13.030748299 30.7617 6
14.981224490 30.7617 7
16.931700680 30.7617 8
18.895238095 30.5571 9
20.945850340 29.2596 10
22.896326531 30.7617 11
24.885986395 30.1559 12
26.736326531 32.4265 13
28.595374150 32.2746 14
30.741768707 27.9539 15
32.788027211 29.3218 16
34.729795918 30.8997 17
36.658503401 31.1089 18
38.817959184 27.7848 19
40.955646259 28.0677 20
42.832108844 31.9751 21
44.676643991 32.5285 22
46.541496599 32.1741 23
48.471655329 31.0855 24
50.351020408 31.9257 25
52.401632653 29.2596 26
54.556734694 27.8409 27
56.742312925 27.4527 28
58.675374150 31.0389 29
60.621496599 30.8305 30
62.606802721 30.222 31
65.001360544 25.0568 32
67.030204082 29.5735 33
69.207074830 27.5625 34
71.205442177 30.0245 35
73.460680272 26.6047 36
75.585306122 28.2403 37
77.709931973 28.2403 38
79.973877551 26.5024 39
82.037551020 29.0744 40
84.048299320 29.8396 41
86.173605442 28.2312 42
88.328707483 27.8409 43
90.466394558 28.0677 44
92.908843537 24.5655 45
95.203265306 26.1504 46
97.297414966 28.6512 47
99.368503401 28.9703 48
102.177959184 21.3564 49
106.623129252 13.4978 50
108.517006803 31.681 51
110.545850340 29.5735 52
113.097142857 23.5175 53
115.056326531 30.625 54
117.272380952 27.0751 55
119.727891156 24.4348 56
123.345850340 16.5839 57
125.744761905 25.0113 58
127.934693878 27.3981 59
131.818231293 15.4498 60
137.482902494 10.592 61
143.598004535 9.81177 62
146.442448980 21.0938 63
149.072108844 22.8166 64
151.359274376 26.2333 65
153.820589569 24.3772 66
156.281904762 24.3772 67
158.377505669 28.6314 68
160.705306122 25.7754 69
163.178231293 24.2628 70
166.440634921 18.3913 71
168.582675737 28.0107 72
170.549138322 30.5116 73
172.686802721 28.068 74
174.991383220 26.0351 75
177.198299320 27.1873 76
180.203968254 19.9623 77
182.864399093 22.5527 78
185.201700680 25.6706 79
187.820408163 22.9121 80
192.238888889 13.5793 81
198.408390023 9.72526 82
200.988639456 23.2536 83
202.918027211 31.0979 84
204.875374150 30.6537 85
206.809433107 31.0228 86
208.869297052 29.1281 87
211.371247166 23.9813 88
215.200340136 15.6695 89
217.303945578 28.5225 90
221.106122449 15.7804 91