2.586122449 1
5.080816327 2
7.040000000 3
9.086258503 4
11.080272109 5
13.030748299 6
14.981224490 7
16.931700680 8
18.895238095 9
20.945850340 10
22.896326531 11
24.885986395 12
26.736326531 13
28.595374150 14
30.741768707 15
32.788027211 16
34.729795918 17
36.658503401 18
38.817959184 19
40.955646259 20
42.832108844 21
44.676643991 22
46.541496599 23
48.471655329 24
50.351020408 25
52.401632653 26
54.556734694 27
56.742312925 28
58.675374150 29
60.621496599 30
62.606802721 31
65.001360544 32
67.030204082 33
69.207074830 34
71.205442177 35
73.460680272 36
75.585306122 37
77.709931973 38
79.973877551 39
82.037551020 40
84.048299320 41
86.173605442 42
88.328707483 43
90.466394558 44
92.908843537 45
95.203265306 46
97.297414966 47
99.368503401 48
102.177959184 49
106.623129252 50
108.517006803 51
110.545850340 52
113.097142857 53
115.056326531 54
117.272380952 55
119.727891156 56
123.345850340 57
125.744761905 58
127.934693878 59
131.818231293 60
137.482902494 61
143.598004535 62
146.442448980 63
149.072108844 64
151.359274376 65
153.820589569 66
156.281904762 67
158.377505669 68
160.705306122 69
163.178231293 70
166.440634921 71
168.582675737 72
170.549138322 73
172.686802721 74
174.991383220 75
177.198299320 76
180.203968254 77
182.864399093 78
185.201700680 79
187.820408163 80
192.238888889 81
198.408390023 82
200.988639456 83
202.918027211 84
204.875374150 85
206.809433107 86
208.869297052 87
211.371247166 88
215.200340136 89
217.303945578 90
221.106122449 91