1.732789116 3.04036 1
4.773151927 2.11447 2
6.887619048 2.15946 3
9.047074830 2.11204 4
11.159115646 2.28524 5
13.444353741 2.17687 6
15.621224490 2.0985 7
17.719727891 2.11592 8
19.835646259 2.51646 9
22.352108844 2.10789 10
24.460000000 1.99333 11
26.453333333 1.9961 12
28.449433107 2.23574 13
30.685170068 2.29878 14
32.983945578 2.35973 15
35.343673469 2.10721 16
37.450884354 2.06367 17
39.514557823 2.17687 18
41.691428571 2.56871 19
44.260136054 2.10721 20
46.367346939 1.96789 21
48.335238095 2.04537 22
50.380612245 2.14923 23
52.529841270 2.01383 24
54.543673469 2.10721 25
56.650884354 2.09277 26
58.743650794 2.23485 27
60.978503401 1.96789 28
62.946394558 1.98531 29
64.931700680 2.05497 30
66.986666667 2.31619 31
69.302857143 1.92435 32
71.227210884 2.17687 33
73.404081633 2.0898 34
75.493877551 2.13333 35
77.627210884 2.02884 36
79.656054422 2.12463 37
81.780680272 2.29007 38
84.070748299 2.20299 39
86.273741497 1.90694 40
88.180680272 2.0985 41
90.279183673 1.91565 42
92.194829932 1.96789 43
94.162721088 2.17687 44
96.339591837 2.53098 45
98.870566893 2.12753 46
100.998095238 2.0985 47
103.096598639 2.99537 48
106.091972789 3.61651 49
109.708480726 1.59927 50
111.307755102 1.83728 51
113.145034014 2.51646 52
115.661496599 2.15075 53
117.812244898 2.13376 54
119.946009070 2.08937 55
122.035374150 2.29878 56
124.334149660 1.84599 57
126.180136054 2.0985 58
128.278639456 2.30336 59
130.581995465 2.68603 60
133.268027211 4.32762 61
137.595646259 2.84735 62
140.442993197 2.01143 63
142.454421769 2.11592 64
144.570340136 2.00263 65
146.572970522 2.16825 66
148.741224490 1.9766 67
150.717823129 2.10628 68
152.824104308 2.09073 69
154.914829932 1.78503 70
156.699863946 1.70667 71
158.406530612 1.65442 72
160.060952381 1.73279 73
161.793741497 1.94177 74
163.735510204 1.91565 75
165.651156463 2.12463 76
167.775782313 1.78503 77
169.560816327 2.15075 78
171.711564626 1.88082 79
173.592380952 2.84458 80
176.436961451 3.94726 81
180.384217687 2.82122 82
183.205442177 2.11025 83
185.315691610 2.05653 84
187.372222222 2.15485 85
189.527074830 2.22912 86
191.756190476 2.28136 87
194.037551020 2.13333 88
196.170884354 2.06367 89
198.234557823 2.6732 90
200.907755102 91