1.732789116 1
4.773151927 2
6.887619048 3
9.047074830 4
11.159115646 5
13.444353741 6
15.621224490 7
17.719727891 8
19.835646259 9
22.352108844 10
24.460000000 11
26.453333333 12
28.449433107 13
30.685170068 14
32.983945578 15
35.343673469 16
37.450884354 17
39.514557823 18
41.691428571 19
44.260136054 20
46.367346939 21
48.335238095 22
50.380612245 23
52.529841270 24
54.543673469 25
56.650884354 26
58.743650794 27
60.978503401 28
62.946394558 29
64.931700680 30
66.986666667 31
69.302857143 32
71.227210884 33
73.404081633 34
75.493877551 35
77.627210884 36
79.656054422 37
81.780680272 38
84.070748299 39
86.273741497 40
88.180680272 41
90.279183673 42
92.194829932 43
94.162721088 44
96.339591837 45
98.870566893 46
100.998095238 47
103.096598639 48
106.091972789 49
109.708480726 50
111.307755102 51
113.145034014 52
115.661496599 53
117.812244898 54
119.946009070 55
122.035374150 56
124.334149660 57
126.180136054 58
128.278639456 59
130.581995465 60
133.268027211 61
137.595646259 62
140.442993197 63
142.454421769 64
144.570340136 65
146.572970522 66
148.741224490 67
150.717823129 68
152.824104308 69
154.914829932 70
156.699863946 71
158.406530612 72
160.060952381 73
161.793741497 74
163.735510204 75
165.651156463 76
167.775782313 77
169.560816327 78
171.711564626 79
173.592380952 80
176.436961451 81
180.384217687 82
183.205442177 83
185.315691610 84
187.372222222 85
189.527074830 86
191.756190476 87
194.037551020 88
196.170884354 89
198.234557823 90
200.907755102 91