2.161937500 0 1.1
3.096000000 64.2355 1.2
3.560666667 129.125 1.3
3.864000000 197.802 1.4
4.152000000 208.333 1.5
4.416000000 227.273 1.6
4.720000000 197.368 1.7
4.976000000 234.375 1.8
5.352000000 159.574 2.1
5.728000000 159.574 2.2
6.024000000 202.703 2.3
6.296000000 220.588 2.4
6.576000000 214.286 2.5
6.832000000 234.375 2.6
7.104000000 220.588 2.7
7.400000000 202.703 2.8
7.808000000 147.059 3.1
8.200000000 153.061 3.2
8.520000000 187.5 3.3
8.776000000 234.375 3.4
9.072000000 202.703 3.5
9.336000000 227.273 3.6
9.624000000 208.333 3.7
9.888000000 227.273 3.8
10.208000000 187.5 4.1
10.520000000 192.308 4.2
10.784000000 227.273 4.3
11.064000000 214.286 4.4
11.344000000 214.286 4.5
11.600000000 234.375 4.6
11.904000000 197.368 4.7
12.192000000 208.333 4.8
12.624000000 138.889 5.1
13.056000000 138.889 5.2
13.352000000 202.703 5.3
13.632000000 214.286 5.4
13.896000000 227.273 5.5
14.176000000 214.286 5.6
14.448000000 220.588 5.7
14.752000000 197.368 5.8
15.048000000 202.703 6.1
15.368000000 187.5 6.2
15.656000000 208.333 6.3
15.952000000 202.703 6.4
16.192000000 250 6.5
16.440000000 241.935 6.6
16.720000000 214.286 6.7
17.032000000 192.308 6.8
17.384000000 170.455 7.1
17.808000000 141.509 7.2
18.104000000 202.703 7.3
18.368000000 227.273 7.4
18.664000000 202.703 7.5
18.888000000 267.857 7.6
19.168000000 214.286 7.7
19.432000000 227.273 7.8
19.728000000 202.703 8.1
19.982666667 235.602 8.2
20.276666667 204.082 8.3
20.542666667 225.564 8.4
20.827333333 210.773 8.5
21.074666667 242.588 8.6
21.345333333 221.675 8.7
21.676666667 181.087 8.8
21.998666667 186.335 9.1
22.568000000 105.386 9.2
22.857333333 207.373 9.3
23.132666667 217.918 9.4
23.431333333 200.893 9.5
23.688000000 233.766 9.6
23.926000000 252.101 9.7
24.215333333 207.373 9.8
24.565333333 171.429 10.1
24.924666667 166.976 10.2
25.190666667 225.564 10.3
25.452000000 229.592 10.4
25.718000000 225.564 10.5
25.988666667 221.675 10.6
26.287333333 200.893 10.7
26.576666667 207.373 10.8
26.908000000 181.087 11.1
27.346666667 136.778 11.2
27.654666667 194.805 11.3
27.920666667 225.564 11.4
28.191333333 221.675 11.5
28.443333333 238.095 11.6
28.718666667 217.918 11.7
29.003333333 210.773 11.8
29.306666667 197.802 12.1
29.600666667 204.082 12.2
29.871333333 221.675 12.3
30.137333333 225.564 12.4
30.394000000 233.766 12.5
30.641333333 242.588 12.6
30.902666667 229.592 12.7
31.178000000 217.918 12.8
31.574666667 151.26 13.1
32.032000000 131.195 13.2
32.330666667 200.893 13.3
32.587333333 233.766 13.4
32.844000000 233.766 13.5
33.086666667 247.253 13.6
33.376000000 207.373 13.7
33.623333333 242.588 13.8
33.936000000 191.898 14.1
34.304666667 162.749 14.2
34.584666667 214.286 14.3
34.846000000 229.592 14.4
35.102666667 233.766 14.5
35.350000000 242.588 14.6
35.625333333 217.918 14.7
35.933333333 194.805 14.8
36.306666667 160.714 15.1
36.885333333 103.687 15.2
37.174666667 207.373 15.3
37.459333333 210.773 15.4
37.734666667 217.918 15.5
37.982000000 242.588 15.6
38.252666667 221.675 15.7
38.509333333 233.766 15.8
38.812666667 197.802 16.1
39.097333333 210.773 16.2
39.382000000 210.773 16.3
39.657333333 217.918 16.4
39.904666667 242.588 16.5
40.184666667 214.286 16.6
40.441333333 233.766 16.7
40.740000000 200.893 16.8
41.076000000 178.571 17.1
41.496000000 142.857 17.2
41.794666667 200.893 17.3
42.046666667 238.095 17.4
42.308000000 229.592 17.5
42.564666667 233.766 17.6
42.821333333 233.766 17.7
43.101333333 214.286 17.8
43.418666667 189.076 18.1
43.759333333 176.125 18.2
44.025333333 225.564 18.3
44.268000000 247.253 18.4
44.543333333 217.918 18.5
44.828000000 210.773 18.6
45.089333333 229.592 18.7
45.416000000 183.673 18.8
45.714666667 200.893 19.1
46.176666667 129.87 19.2
46.582666667 147.783 19.3
46.890666667 194.805 19.4
47.180000000 207.373 19.5
47.446000000 225.564 19.6
47.712000000 225.564 19.7
47.992000000 214.286 19.8
48.342000000 171.429 20.1
48.654666667 191.898 20.2
48.962666667 194.805 20.3
49.266000000 197.802 20.4
49.508666667 247.253 20.5
49.784000000 217.918 20.6
50.026666667 247.253 20.7
50.288000000 229.592 20.8
50.670666667 156.794 21.1
51.104666667 138.249 21.2
51.398666667 204.082 21.3
51.678666667 214.286 21.4
51.921333333 247.253 21.5
52.196666667 217.918 21.6
52.472000000 217.918 21.7
52.710000000 252.101 21.8
53.036666667 183.673 22.1
53.307333333 221.675 22.2
53.596666667 207.373 22.3
53.909333333 191.898 22.4
54.170666667 229.592 22.5
54.441333333 221.675 22.6
54.688666667 242.588 22.7
54.992000000 197.802 22.8
55.351333333 166.976 23.1
55.724666667 160.714 23.2
56.023333333 200.893 23.3
56.298666667 217.918 23.4
56.550666667 238.095 23.5
56.816666667 225.564 23.6
57.082666667 225.564 23.7
57.376666667 204.082 23.8
57.684666667 194.805 24.1
57.988000000 197.802 24.2
58.254000000 225.564 24.3
58.496666667 247.253 24.4
58.772000000 217.918 24.5
59.038000000 225.564 24.6
59.341333333 197.802 24.7
59.635333333 204.082 24.8
60.022666667 154.905 25.1
60.480000000 131.195 25.2
60.811333333 181.087 25.3
61.063333333 238.095 25.4
61.324666667 229.592 25.5
61.600000000 217.918 25.6
61.870666667 221.675 25.7
62.169333333 200.893 25.8
62.384000000 279.503 26.1
62.654666667 221.675 26.2
62.930000000 217.918 26.3
63.149333333 273.556 26.4
63.429333333 214.286 26.5
63.686000000 233.766 26.6
63.989333333 197.802 26.7
64.302000000 191.898 26.8
64.638000000 178.571 27.1
65.109333333 127.298 27.2
65.384666667 217.918 27.3
65.627333333 247.253 27.4
65.902666667 217.918 27.5
66.159333333 233.766 27.6
66.444000000 210.773 27.7
66.700666667 233.766 27.8
67.032000000 181.087 28.1
67.326000000 204.082 28.2
67.582666667 233.766 28.3
67.806666667 267.857 28.4
68.068000000 229.592 28.5
68.306000000 252.101 28.6
68.590666667 210.773 28.7
68.889333333 200.893 28.8
69.183333333 204.082 29.1
69.542666667 166.976 29.2
69.799333333 233.766 29.3
70.042000000 247.253 29.4
70.317333333 217.918 29.5
70.564666667 242.588 29.6
70.802666667 252.101 29.7
71.040666667 252.101 29.8
71.358000000 189.076 30.1
71.638000000 214.286 30.2
71.894666667 233.766 30.3
72.123333333 262.391 30.4
72.403333333 214.286 30.5
72.646000000 247.253 30.6
72.940000000 204.082 30.7
73.206000000 225.564 30.8
73.574666667 162.749 31.1
74.008666667 138.249 31.2
74.298000000 207.373 31.3
74.573333333 217.918 31.4
74.825333333 238.095 31.5
75.077333333 238.095 31.6
75.320000000 247.253 31.7
75.572000000 238.095 31.8
75.898666667 183.673 32.1
76.206666667 194.805 32.2
76.482000000 217.918 32.3
76.752666667 221.675 32.4
77.004666667 238.095 32.5
77.270666667 225.564 32.6
77.546000000 217.918 32.7
77.835333333 207.373 32.8
78.185333333 171.429 33.1
78.666000000 124.827 33.2
78.969333333 197.802 33.3
79.240000000 221.675 33.4
79.487333333 242.588 33.5
79.730000000 247.253 33.6
80.014666667 210.773 33.7
80.262000000 242.588 33.8
80.602666667 176.125 34.1
80.892000000 207.373 34.2
81.148666667 233.766 34.3
81.400666667 238.095 34.4
81.699333333 200.893 34.5
81.960666667 229.592 34.6
82.259333333 200.893 34.7
82.520666667 229.592 34.8
82.838000000 189.076 35.1
83.304666667 128.571 35.2
83.589333333 210.773 35.3
83.836666667 242.588 35.4
84.112000000 217.918 35.5
84.392000000 214.286 35.6
84.658000000 225.564 35.7
84.956666667 200.893 35.8
85.260000000 197.802 36.1
85.591333333 181.087 36.2
85.843333333 238.095 36.3
86.128000000 210.773 36.4
86.394000000 225.564 36.5
86.655333333 229.592 36.6
86.968000000 191.898 36.7
87.229333333 229.592 36.8
87.607333333 158.73 37.1
87.999333333 153.061 37.2
88.260666667 229.592 37.3
88.522000000 229.592 37.4
88.816000000 204.082 37.5
89.077333333 229.592 37.6
89.343333333 225.564 37.7
89.600000000 233.766 37.8
89.936000000 178.571 38.1
90.272000000 178.571 38.2
90.589333333 189.076 38.3
90.850666667 229.592 38.4
91.112000000 229.592 38.5
91.406000000 204.082 38.6
91.625333333 273.556 38.7
91.924000000 200.893 38.8
92.414000000 122.449 39.1
92.866666667 132.548 39.2
93.174666667 194.805 39.3
93.459333333 210.773 39.4
93.716000000 233.766 39.5
93.991333333 217.918 39.6
94.327333333 178.571 39.7
94.607333333 214.286 39.8
94.910666667 197.802 40.1
95.167333333 233.766 40.2
95.447333333 214.286 40.3
95.713333333 225.564 40.4
95.984000000 221.675 40.5
96.240666667 233.766 40.6
96.464666667 267.857 40.7
96.754000000 207.373 40.8
97.034000000 214.286 41.1
97.477333333 135.338 41.2
97.752666667 217.918 41.3
97.981333333 262.391 41.4
98.270666667 207.373 41.5
98.536666667 225.564 41.6
98.770000000 257.143 41.7
99.036000000 225.564 41.8
99.344000000 194.805 42.1
99.675333333 181.087 42.2
99.974000000 200.893 42.3
100.244666667 221.675 42.4
100.482666667 252.101 42.5
100.730000000 242.588 42.6
101.014666667 210.773 42.7
101.257333333 247.253 42.8
101.574666667 189.076 43.1
101.962000000 154.905 43.2
102.246666667 210.773 43.3
102.494000000 242.588 43.4
102.746000000 238.095 43.5
102.988666667 247.253 43.6
103.245333333 233.766 43.7
103.525333333 214.286 43.8
103.810000000 210.773 44.1
104.169333333 166.976 44.2
104.463333333 204.082 44.3
104.701333333 252.101 44.4
104.986000000 210.773 44.5
105.252000000 225.564 44.6
105.527333333 217.918 44.7
105.816666667 207.373 44.8
106.274000000 131.195 45.1
106.932000000 91.1854 45.2
107.226000000 204.082 45.3
107.487333333 229.592 45.4
107.762666667 217.918 45.5
108.010000000 242.588 45.6
108.308666667 200.893 45.7
108.626000000 189.076 45.8
108.948000000 186.335 46.1
109.326000000 158.73 46.2
109.582666667 233.766 46.3
109.830000000 242.588 46.4
110.119333333 207.373 46.5
110.352666667 257.143 46.6
110.628000000 217.918 46.7
110.926666667 200.893 46.8
111.202000000 217.918 47.1
111.477333333 217.918 47.2
111.762000000 210.773 47.3
112.018666667 233.766 47.4
112.294000000 217.918 47.5
112.527333333 257.143 47.6
112.840000000 191.898 47.7
113.120000000 214.286 47.8
113.451333333 181.087 48.1
113.773333333 186.335 48.2
114.039333333 225.564 48.3
114.291333333 238.095 48.4
114.557333333 225.564 48.5
114.828000000 221.675 48.6
115.131333333 197.802 48.7
115.481333333 171.429 48.8
116.237333333 79.3651 49.1
116.808104167 105.121 49.2
117.336312500 113.592 49.3
117.783958333 134.035 49.4
118.272166667 122.898 49.5
118.850666667 103.717 49.6
119.211000000 166.512 49.7
119.442000000 259.74 49.8
119.643000000 298.507 50.1
119.844000000 298.507 50.2
120.051000000 289.855 50.3
120.258000000 289.855 50.4
120.510000000 238.095 50.5
120.702000000 312.5 50.6
120.942000000 250 50.7
121.157208333 278.8 50.8
121.362000000 292.981 51.1
121.602979167 248.984 51.2
121.806000000 295.536 51.3
122.019000000 281.69 51.4
122.256000000 253.165 51.5
122.488395833 258.18 51.6
122.729208333 249.156 51.7
123.087000000 167.695 51.8
123.510000000 141.844 52.1
124.101000000 101.523 52.2
124.392000000 206.186 52.3
124.665000000 219.78 52.4
124.926000000 229.885 52.5
125.193000000 224.719 52.6
125.460000000 224.719 52.7
125.745000000 210.526 52.8
126.039000000 204.082 53.1
126.339000000 200 53.2
126.618000000 215.054 53.3
126.879000000 229.885 53.4
127.140000000 229.885 53.5
127.419000000 215.054 53.6
127.716000000 202.02 53.7
128.001000000 210.526 53.8
128.364000000 165.289 54.1
128.772000000 147.059 54.2
129.072000000 200 54.3
129.318000000 243.902 54.4
129.567000000 240.964 54.5
129.828000000 229.885 54.6
130.101000000 219.78 54.7
130.371000000 222.222 54.8
130.680000000 194.175 55.1
130.950000000 222.222 55.2
131.220000000 222.222 55.3
131.469000000 240.964 55.4
131.742000000 219.78 55.5
131.970000000 263.158 55.6
132.255000000 210.526 55.7
132.573000000 188.679 55.8
132.987000000 144.928 56.1
133.950000000 62.3053 56.2
134.238000000 208.333 56.3
134.456000000 275.229 56.4
134.694000000 252.101 56.5
134.892000000 303.03 56.6
135.138000000 243.902 56.7
135.333000000 307.692 56.8
135.601666667 223.325 57.1
136.059000000 131.195 57.2
136.296000000 253.165 57.3
136.554000000 232.558 57.4
136.731000000 338.983 57.5
136.995000000 227.273 57.6
137.190000000 307.692 57.7
137.409000000 273.973 57.8
137.670000000 229.885 58.1
137.982000000 192.308 58.2
138.255000000 219.78 58.3
138.477000000 270.27 58.4
138.678000000 298.507 58.5
138.885000000 289.855 58.6
139.152000000 224.719 58.7
139.545000000 152.672 58.8
140.022000000 125.786 59.1
140.503083333 124.719 59.2
141.054083333 108.893 59.3
141.416333333 165.631 59.4
141.701000000 210.773 59.5
141.962333333 229.592 59.6
142.186333333 267.857 59.7
142.450000000 227.56 59.8
142.765000000 190.476 60.1
143.264479167 120.125 60.2
143.738000000 126.71 60.3
144.018000000 214.286 60.4
144.475333333 131.195 60.5
144.892000000 144 60.6
145.350333333 130.909 60.7
145.630333333 214.286 60.8
146.020000000 153.978 61.1
146.432000000 145.631 61.2
146.900000000 128.205 61.3
147.216000000 189.873 61.4
147.690666667 126.404 61.5
148.268750000 103.791 61.6
149.040000000 77.7958 61.7
149.548000000 118.11 61.8
150.472000000 64.9351 62.1
151.408000000 64.1026 62.2
151.768000000 166.667 62.3
152.052000000 211.268 62.4
152.328000000 217.391 62.5
152.580000000 238.095 62.6
152.868000000 208.333 62.7
153.216000000 172.414 62.8
153.536000000 187.5 63.1
153.788000000 238.095 63.2
154.048000000 230.769 63.3
154.296000000 241.935 63.4
154.564000000 223.881 63.5
154.844000000 214.286 63.6
155.120000000 217.391 63.7
155.400000000 214.286 63.8
155.836000000 137.615 64.1
156.256000000 142.857 64.2
156.564000000 194.805 64.3
156.836000000 220.588 64.4
157.092000000 234.375 64.5
157.356000000 227.273 64.6
157.632000000 217.391 64.7
157.908000000 217.391 64.8
158.276000000 163.043 65.1
158.572000000 202.703 65.2
158.868000000 202.703 65.3
159.096000000 263.158 65.4
159.364000000 223.881 65.5
159.592000000 263.158 65.6
159.892000000 200 65.7
160.164000000 220.588 65.8
160.532000000 163.043 66.1
161.040000000 118.11 66.2
161.364000000 185.185 66.3
161.620000000 234.375 66.4
161.900000000 214.286 66.5
162.176000000 217.391 66.6
162.484000000 194.805 66.7
162.808000000 185.185 66.8
163.212000000 148.515 67.1
163.508000000 202.703 67.2
163.800000000 205.479 67.3
164.052000000 238.095 67.4
164.332000000 214.286 67.5
164.576000000 245.902 67.6
164.884000000 194.805 67.7
165.168000000 211.268 67.8
165.572000000 148.515 68.1
166.060000000 122.951 68.2
166.340000000 214.286 68.3
166.612000000 220.588 68.4
166.884000000 220.588 68.5
167.124000000 250 68.6
167.412000000 208.333 68.7
167.688000000 217.391 68.8
168.004000000 189.873 69.1
168.432000000 140.187 69.2
168.736000000 197.368 69.3
168.996000000 230.769 69.4
169.232000000 254.237 69.5
169.500000000 223.881 69.6
169.768000000 223.881 69.7
170.072000000 197.368 69.8
170.440000000 163.043 70.1
170.748000000 194.805 70.2
171.020000000 220.588 70.3
171.264000000 245.902 70.4
171.496000000 258.621 70.5
171.716000000 272.727 70.6
171.964000000 241.935 70.7
172.196000000 258.621 70.8
172.452833333 233.615 71.1
172.680000000 264.123 71.2
172.915958333 254.282 71.3
173.150395833 255.932 71.4
173.388000000 252.521 71.5
173.636062500 241.875 71.6
173.860000000 267.932 71.7
174.108708333 241.246 71.8
174.367104167 232.202 72.1
174.602020833 255.41 72.2
174.799520833 303.797 72.3
175.064000000 226.861 72.4
175.284000000 272.727 72.5
175.536000000 238.095 72.6
175.785166667 240.803 72.7
176.003729167 274.521 72.8
176.252416667 241.267 73.1
176.502270833 240.14 73.2
176.755375000 237.057 73.3
177.002083333 243.202 73.4
177.230979167 262.128 73.5
177.492000000 229.867 73.6
177.741291667 240.682 73.7
178.016000000 218.413 73.8
178.259791667 246.112 74.1
178.752000000 121.9 74.2
179.046000000 204.082 74.3
179.302666667 233.766 74.4
179.540666667 252.101 74.5
179.783333333 247.253 74.6
180.040000000 233.766 74.7
180.348000000 194.805 74.8
180.616000000 223.881 75.1
180.840000000 267.857 75.2
181.064000000 267.857 75.3
181.276000000 283.019 75.4
181.542666667 225 75.5
181.794666667 238.095 75.6
182.051333333 233.766 75.7
182.340666667 207.373 75.8
182.681333333 176.125 76.1
183.108000000 140.625 76.2
183.392000000 211.268 76.3
183.652000000 230.769 76.4
183.884000000 258.621 76.5
184.464000000 103.448 76.6
184.744000000 214.286 76.7
185.008000000 227.273 76.8
185.208000000 300 77.1
185.456000000 241.935 77.2
185.684000000 263.158 77.3
185.920000000 254.237 77.4
186.136000000 277.778 77.5
186.416000000 214.286 77.6
186.672000000 234.375 77.7
186.952000000 214.286 77.8
187.280000000 182.927 78.1
187.776000000 120.968 78.2
188.068000000 205.479 78.3
188.324000000 234.375 78.4
188.556000000 258.621 78.5
188.792000000 254.237 78.6
189.048000000 234.375 78.7
189.360000000 192.308 78.8
189.612000000 238.095 79.1
189.868000000 234.375 79.2
190.088000000 272.727 79.3
190.312000000 267.857 79.4
190.572000000 230.769 79.5
190.832000000 230.769 79.6
191.056000000 267.857 79.7
191.312000000 234.375 79.8
191.624000000 192.308 80.1
192.090000000 128.755 80.2
192.883333333 75.6302 80.3
193.520000000 94.2408 80.4
193.748000000 263.158 80.5
193.956000000 288.462 80.6
194.160000000 294.118 80.7
194.368000000 288.462 80.8
194.564000000 306.122 81.1
194.852000000 208.333 81.2
195.068000000 277.778 81.3
195.424000000 168.539 81.4
195.816000000 153.061 81.5
196.333520833 115.937 81.6
196.851916667 115.742 81.7
197.516000000 90.3501 81.8
198.412000000 66.9643 82.1
199.292000000 68.1818 82.2
199.672000000 157.895 82.3
199.968000000 202.703 82.4
200.236000000 223.881 82.5
200.504000000 223.881 82.6
200.788000000 211.268 82.7
201.068000000 214.286 82.8
201.448000000 157.895 83.1
201.772000000 185.185 83.2
202.056000000 211.268 83.3
202.300000000 245.902 83.4
202.588000000 208.333 83.5
202.840000000 238.095 83.6
203.132000000 205.479 83.7
203.424000000 205.479 83.8
203.844000000 142.857 84.1
204.236000000 153.061 84.2
204.528000000 205.479 84.3
204.776000000 241.935 84.4
205.052000000 217.391 84.5
205.316000000 227.273 84.6
205.584000000 223.881 84.7
205.848000000 227.273 84.8
206.156000000 194.805 85.1
206.468000000 192.308 85.2
206.744000000 217.391 85.3
207.004000000 230.769 85.4
207.284000000 214.286 85.5
207.544000000 230.769 85.6
207.832000000 208.333 85.7
208.140000000 194.805 85.8
208.532000000 153.061 86.1
208.912000000 157.895 86.2
209.200000000 208.333 86.3
209.484000000 211.268 86.4
209.768000000 211.268 86.5
210.032000000 227.273 86.6
210.312000000 214.286 86.7
210.636000000 185.185 86.8
210.916000000 214.286 87.1
211.224000000 194.805 87.2
211.476000000 238.095 87.3
211.748000000 220.588 87.4
212.028000000 214.286 87.5
212.300000000 220.588 87.6
212.604000000 197.368 87.7
212.920000000 189.873 87.8
213.400000000 125 88.1
213.817666667 143.655 88.2
214.240333333 141.956 88.3
214.759937500 115.473 88.4
215.012000000 238.036 88.5
215.236000000 267.857 88.6
215.452000000 277.778 88.7
215.701375000 240.602 88.8
215.930354167 262.033 89.1
216.154333333 267.882 89.2
216.556000000 149.378 89.3
216.804000000 241.935 89.4
217.008000000 294.118 89.5
217.208000000 300 89.6
217.528000000 187.5 89.7
217.844000000 189.873 89.8
218.224000000 157.895 90.1
218.664000000 136.364 90.2
219.116000000 132.743 90.3
219.600000000 123.967 90.4
219.763333333 367.347 90.5
220.008000000 245.232 90.6
220.260000000 238.095 90.7
220.616000000 168.539 90.8
221.343333333 82.4931 91.1
221.835708333 121.858 91.2
222.145854167 193.457 91.3
222.510166667 164.694 91.4
222.812083333 198.73 91.5
223.200291667 154.556 91.6
223.505604167 196.52 91.7
223.871145833 164.14 91.8