2.161937500 1.1
3.096000000 1.2
3.560666667 1.3
3.864000000 1.4
4.152000000 1.5
4.416000000 1.6
4.720000000 1.7
4.976000000 1.8
5.352000000 2.1
5.728000000 2.2
6.024000000 2.3
6.296000000 2.4
6.576000000 2.5
6.832000000 2.6
7.104000000 2.7
7.400000000 2.8
7.808000000 3.1
8.200000000 3.2
8.520000000 3.3
8.776000000 3.4
9.072000000 3.5
9.336000000 3.6
9.624000000 3.7
9.888000000 3.8
10.208000000 4.1
10.520000000 4.2
10.784000000 4.3
11.064000000 4.4
11.344000000 4.5
11.600000000 4.6
11.904000000 4.7
12.192000000 4.8
12.624000000 5.1
13.056000000 5.2
13.352000000 5.3
13.632000000 5.4
13.896000000 5.5
14.176000000 5.6
14.448000000 5.7
14.752000000 5.8
15.048000000 6.1
15.368000000 6.2
15.656000000 6.3
15.952000000 6.4
16.192000000 6.5
16.440000000 6.6
16.720000000 6.7
17.032000000 6.8
17.384000000 7.1
17.808000000 7.2
18.104000000 7.3
18.368000000 7.4
18.664000000 7.5
18.888000000 7.6
19.168000000 7.7
19.432000000 7.8
19.728000000 8.1
19.982666667 8.2
20.276666667 8.3
20.542666667 8.4
20.827333333 8.5
21.074666667 8.6
21.345333333 8.7
21.676666667 8.8
21.998666667 9.1
22.568000000 9.2
22.857333333 9.3
23.132666667 9.4
23.431333333 9.5
23.688000000 9.6
23.926000000 9.7
24.215333333 9.8
24.565333333 10.1
24.924666667 10.2
25.190666667 10.3
25.452000000 10.4
25.718000000 10.5
25.988666667 10.6
26.287333333 10.7
26.576666667 10.8
26.908000000 11.1
27.346666667 11.2
27.654666667 11.3
27.920666667 11.4
28.191333333 11.5
28.443333333 11.6
28.718666667 11.7
29.003333333 11.8
29.306666667 12.1
29.600666667 12.2
29.871333333 12.3
30.137333333 12.4
30.394000000 12.5
30.641333333 12.6
30.902666667 12.7
31.178000000 12.8
31.574666667 13.1
32.032000000 13.2
32.330666667 13.3
32.587333333 13.4
32.844000000 13.5
33.086666667 13.6
33.376000000 13.7
33.623333333 13.8
33.936000000 14.1
34.304666667 14.2
34.584666667 14.3
34.846000000 14.4
35.102666667 14.5
35.350000000 14.6
35.625333333 14.7
35.933333333 14.8
36.306666667 15.1
36.885333333 15.2
37.174666667 15.3
37.459333333 15.4
37.734666667 15.5
37.982000000 15.6
38.252666667 15.7
38.509333333 15.8
38.812666667 16.1
39.097333333 16.2
39.382000000 16.3
39.657333333 16.4
39.904666667 16.5
40.184666667 16.6
40.441333333 16.7
40.740000000 16.8
41.076000000 17.1
41.496000000 17.2
41.794666667 17.3
42.046666667 17.4
42.308000000 17.5
42.564666667 17.6
42.821333333 17.7
43.101333333 17.8
43.418666667 18.1
43.759333333 18.2
44.025333333 18.3
44.268000000 18.4
44.543333333 18.5
44.828000000 18.6
45.089333333 18.7
45.416000000 18.8
45.714666667 19.1
46.176666667 19.2
46.582666667 19.3
46.890666667 19.4
47.180000000 19.5
47.446000000 19.6
47.712000000 19.7
47.992000000 19.8
48.342000000 20.1
48.654666667 20.2
48.962666667 20.3
49.266000000 20.4
49.508666667 20.5
49.784000000 20.6
50.026666667 20.7
50.288000000 20.8
50.670666667 21.1
51.104666667 21.2
51.398666667 21.3
51.678666667 21.4
51.921333333 21.5
52.196666667 21.6
52.472000000 21.7
52.710000000 21.8
53.036666667 22.1
53.307333333 22.2
53.596666667 22.3
53.909333333 22.4
54.170666667 22.5
54.441333333 22.6
54.688666667 22.7
54.992000000 22.8
55.351333333 23.1
55.724666667 23.2
56.023333333 23.3
56.298666667 23.4
56.550666667 23.5
56.816666667 23.6
57.082666667 23.7
57.376666667 23.8
57.684666667 24.1
57.988000000 24.2
58.254000000 24.3
58.496666667 24.4
58.772000000 24.5
59.038000000 24.6
59.341333333 24.7
59.635333333 24.8
60.022666667 25.1
60.480000000 25.2
60.811333333 25.3
61.063333333 25.4
61.324666667 25.5
61.600000000 25.6
61.870666667 25.7
62.169333333 25.8
62.384000000 26.1
62.654666667 26.2
62.930000000 26.3
63.149333333 26.4
63.429333333 26.5
63.686000000 26.6
63.989333333 26.7
64.302000000 26.8
64.638000000 27.1
65.109333333 27.2
65.384666667 27.3
65.627333333 27.4
65.902666667 27.5
66.159333333 27.6
66.444000000 27.7
66.700666667 27.8
67.032000000 28.1
67.326000000 28.2
67.582666667 28.3
67.806666667 28.4
68.068000000 28.5
68.306000000 28.6
68.590666667 28.7
68.889333333 28.8
69.183333333 29.1
69.542666667 29.2
69.799333333 29.3
70.042000000 29.4
70.317333333 29.5
70.564666667 29.6
70.802666667 29.7
71.040666667 29.8
71.358000000 30.1
71.638000000 30.2
71.894666667 30.3
72.123333333 30.4
72.403333333 30.5
72.646000000 30.6
72.940000000 30.7
73.206000000 30.8
73.574666667 31.1
74.008666667 31.2
74.298000000 31.3
74.573333333 31.4
74.825333333 31.5
75.077333333 31.6
75.320000000 31.7
75.572000000 31.8
75.898666667 32.1
76.206666667 32.2
76.482000000 32.3
76.752666667 32.4
77.004666667 32.5
77.270666667 32.6
77.546000000 32.7
77.835333333 32.8
78.185333333 33.1
78.666000000 33.2
78.969333333 33.3
79.240000000 33.4
79.487333333 33.5
79.730000000 33.6
80.014666667 33.7
80.262000000 33.8
80.602666667 34.1
80.892000000 34.2
81.148666667 34.3
81.400666667 34.4
81.699333333 34.5
81.960666667 34.6
82.259333333 34.7
82.520666667 34.8
82.838000000 35.1
83.304666667 35.2
83.589333333 35.3
83.836666667 35.4
84.112000000 35.5
84.392000000 35.6
84.658000000 35.7
84.956666667 35.8
85.260000000 36.1
85.591333333 36.2
85.843333333 36.3
86.128000000 36.4
86.394000000 36.5
86.655333333 36.6
86.968000000 36.7
87.229333333 36.8
87.607333333 37.1
87.999333333 37.2
88.260666667 37.3
88.522000000 37.4
88.816000000 37.5
89.077333333 37.6
89.343333333 37.7
89.600000000 37.8
89.936000000 38.1
90.272000000 38.2
90.589333333 38.3
90.850666667 38.4
91.112000000 38.5
91.406000000 38.6
91.625333333 38.7
91.924000000 38.8
92.414000000 39.1
92.866666667 39.2
93.174666667 39.3
93.459333333 39.4
93.716000000 39.5
93.991333333 39.6
94.327333333 39.7
94.607333333 39.8
94.910666667 40.1
95.167333333 40.2
95.447333333 40.3
95.713333333 40.4
95.984000000 40.5
96.240666667 40.6
96.464666667 40.7
96.754000000 40.8
97.034000000 41.1
97.477333333 41.2
97.752666667 41.3
97.981333333 41.4
98.270666667 41.5
98.536666667 41.6
98.770000000 41.7
99.036000000 41.8
99.344000000 42.1
99.675333333 42.2
99.974000000 42.3
100.244666667 42.4
100.482666667 42.5
100.730000000 42.6
101.014666667 42.7
101.257333333 42.8
101.574666667 43.1
101.962000000 43.2
102.246666667 43.3
102.494000000 43.4
102.746000000 43.5
102.988666667 43.6
103.245333333 43.7
103.525333333 43.8
103.810000000 44.1
104.169333333 44.2
104.463333333 44.3
104.701333333 44.4
104.986000000 44.5
105.252000000 44.6
105.527333333 44.7
105.816666667 44.8
106.274000000 45.1
106.932000000 45.2
107.226000000 45.3
107.487333333 45.4
107.762666667 45.5
108.010000000 45.6
108.308666667 45.7
108.626000000 45.8
108.948000000 46.1
109.326000000 46.2
109.582666667 46.3
109.830000000 46.4
110.119333333 46.5
110.352666667 46.6
110.628000000 46.7
110.926666667 46.8
111.202000000 47.1
111.477333333 47.2
111.762000000 47.3
112.018666667 47.4
112.294000000 47.5
112.527333333 47.6
112.840000000 47.7
113.120000000 47.8
113.451333333 48.1
113.773333333 48.2
114.039333333 48.3
114.291333333 48.4
114.557333333 48.5
114.828000000 48.6
115.131333333 48.7
115.481333333 48.8
116.237333333 49.1
116.808104167 49.2
117.336312500 49.3
117.783958333 49.4
118.272166667 49.5
118.850666667 49.6
119.211000000 49.7
119.442000000 49.8
119.643000000 50.1
119.844000000 50.2
120.051000000 50.3
120.258000000 50.4
120.510000000 50.5
120.702000000 50.6
120.942000000 50.7
121.157208333 50.8
121.362000000 51.1
121.602979167 51.2
121.806000000 51.3
122.019000000 51.4
122.256000000 51.5
122.488395833 51.6
122.729208333 51.7
123.087000000 51.8
123.510000000 52.1
124.101000000 52.2
124.392000000 52.3
124.665000000 52.4
124.926000000 52.5
125.193000000 52.6
125.460000000 52.7
125.745000000 52.8
126.039000000 53.1
126.339000000 53.2
126.618000000 53.3
126.879000000 53.4
127.140000000 53.5
127.419000000 53.6
127.716000000 53.7
128.001000000 53.8
128.364000000 54.1
128.772000000 54.2
129.072000000 54.3
129.318000000 54.4
129.567000000 54.5
129.828000000 54.6
130.101000000 54.7
130.371000000 54.8
130.680000000 55.1
130.950000000 55.2
131.220000000 55.3
131.469000000 55.4
131.742000000 55.5
131.970000000 55.6
132.255000000 55.7
132.573000000 55.8
132.987000000 56.1
133.950000000 56.2
134.238000000 56.3
134.456000000 56.4
134.694000000 56.5
134.892000000 56.6
135.138000000 56.7
135.333000000 56.8
135.601666667 57.1
136.059000000 57.2
136.296000000 57.3
136.554000000 57.4
136.731000000 57.5
136.995000000 57.6
137.190000000 57.7
137.409000000 57.8
137.670000000 58.1
137.982000000 58.2
138.255000000 58.3
138.477000000 58.4
138.678000000 58.5
138.885000000 58.6
139.152000000 58.7
139.545000000 58.8
140.022000000 59.1
140.503083333 59.2
141.054083333 59.3
141.416333333 59.4
141.701000000 59.5
141.962333333 59.6
142.186333333 59.7
142.450000000 59.8
142.765000000 60.1
143.264479167 60.2
143.738000000 60.3
144.018000000 60.4
144.475333333 60.5
144.892000000 60.6
145.350333333 60.7
145.630333333 60.8
146.020000000 61.1
146.432000000 61.2
146.900000000 61.3
147.216000000 61.4
147.690666667 61.5
148.268750000 61.6
149.040000000 61.7
149.548000000 61.8
150.472000000 62.1
151.408000000 62.2
151.768000000 62.3
152.052000000 62.4
152.328000000 62.5
152.580000000 62.6
152.868000000 62.7
153.216000000 62.8
153.536000000 63.1
153.788000000 63.2
154.048000000 63.3
154.296000000 63.4
154.564000000 63.5
154.844000000 63.6
155.120000000 63.7
155.400000000 63.8
155.836000000 64.1
156.256000000 64.2
156.564000000 64.3
156.836000000 64.4
157.092000000 64.5
157.356000000 64.6
157.632000000 64.7
157.908000000 64.8
158.276000000 65.1
158.572000000 65.2
158.868000000 65.3
159.096000000 65.4
159.364000000 65.5
159.592000000 65.6
159.892000000 65.7
160.164000000 65.8
160.532000000 66.1
161.040000000 66.2
161.364000000 66.3
161.620000000 66.4
161.900000000 66.5
162.176000000 66.6
162.484000000 66.7
162.808000000 66.8
163.212000000 67.1
163.508000000 67.2
163.800000000 67.3
164.052000000 67.4
164.332000000 67.5
164.576000000 67.6
164.884000000 67.7
165.168000000 67.8
165.572000000 68.1
166.060000000 68.2
166.340000000 68.3
166.612000000 68.4
166.884000000 68.5
167.124000000 68.6
167.412000000 68.7
167.688000000 68.8
168.004000000 69.1
168.432000000 69.2
168.736000000 69.3
168.996000000 69.4
169.232000000 69.5
169.500000000 69.6
169.768000000 69.7
170.072000000 69.8
170.440000000 70.1
170.748000000 70.2
171.020000000 70.3
171.264000000 70.4
171.496000000 70.5
171.716000000 70.6
171.964000000 70.7
172.196000000 70.8
172.452833333 71.1
172.680000000 71.2
172.915958333 71.3
173.150395833 71.4
173.388000000 71.5
173.636062500 71.6
173.860000000 71.7
174.108708333 71.8
174.367104167 72.1
174.602020833 72.2
174.799520833 72.3
175.064000000 72.4
175.284000000 72.5
175.536000000 72.6
175.785166667 72.7
176.003729167 72.8
176.252416667 73.1
176.502270833 73.2
176.755375000 73.3
177.002083333 73.4
177.230979167 73.5
177.492000000 73.6
177.741291667 73.7
178.016000000 73.8
178.259791667 74.1
178.752000000 74.2
179.046000000 74.3
179.302666667 74.4
179.540666667 74.5
179.783333333 74.6
180.040000000 74.7
180.348000000 74.8
180.616000000 75.1
180.840000000 75.2
181.064000000 75.3
181.276000000 75.4
181.542666667 75.5
181.794666667 75.6
182.051333333 75.7
182.340666667 75.8
182.681333333 76.1
183.108000000 76.2
183.392000000 76.3
183.652000000 76.4
183.884000000 76.5
184.464000000 76.6
184.744000000 76.7
185.008000000 76.8
185.208000000 77.1
185.456000000 77.2
185.684000000 77.3
185.920000000 77.4
186.136000000 77.5
186.416000000 77.6
186.672000000 77.7
186.952000000 77.8
187.280000000 78.1
187.776000000 78.2
188.068000000 78.3
188.324000000 78.4
188.556000000 78.5
188.792000000 78.6
189.048000000 78.7
189.360000000 78.8
189.612000000 79.1
189.868000000 79.2
190.088000000 79.3
190.312000000 79.4
190.572000000 79.5
190.832000000 79.6
191.056000000 79.7
191.312000000 79.8
191.624000000 80.1
192.090000000 80.2
192.883333333 80.3
193.520000000 80.4
193.748000000 80.5
193.956000000 80.6
194.160000000 80.7
194.368000000 80.8
194.564000000 81.1
194.852000000 81.2
195.068000000 81.3
195.424000000 81.4
195.816000000 81.5
196.333520833 81.6
196.851916667 81.7
197.516000000 81.8
198.412000000 82.1
199.292000000 82.2
199.672000000 82.3
199.968000000 82.4
200.236000000 82.5
200.504000000 82.6
200.788000000 82.7
201.068000000 82.8
201.448000000 83.1
201.772000000 83.2
202.056000000 83.3
202.300000000 83.4
202.588000000 83.5
202.840000000 83.6
203.132000000 83.7
203.424000000 83.8
203.844000000 84.1
204.236000000 84.2
204.528000000 84.3
204.776000000 84.4
205.052000000 84.5
205.316000000 84.6
205.584000000 84.7
205.848000000 84.8
206.156000000 85.1
206.468000000 85.2
206.744000000 85.3
207.004000000 85.4
207.284000000 85.5
207.544000000 85.6
207.832000000 85.7
208.140000000 85.8
208.532000000 86.1
208.912000000 86.2
209.200000000 86.3
209.484000000 86.4
209.768000000 86.5
210.032000000 86.6
210.312000000 86.7
210.636000000 86.8
210.916000000 87.1
211.224000000 87.2
211.476000000 87.3
211.748000000 87.4
212.028000000 87.5
212.300000000 87.6
212.604000000 87.7
212.920000000 87.8
213.400000000 88.1
213.817666667 88.2
214.240333333 88.3
214.759937500 88.4
215.012000000 88.5
215.236000000 88.6
215.452000000 88.7
215.701375000 88.8
215.930354167 89.1
216.154333333 89.2
216.556000000 89.3
216.804000000 89.4
217.008000000 89.5
217.208000000 89.6
217.528000000 89.7
217.844000000 89.8
218.224000000 90.1
218.664000000 90.2
219.116000000 90.3
219.600000000 90.4
219.763333333 90.5
220.008000000 90.6
220.260000000 90.7
220.616000000 90.8
221.343333333 91.1
221.835708333 91.2
222.145854167 91.3
222.510166667 91.4
222.812083333 91.5
223.200291667 91.6
223.505604167 91.7
223.871145833 91.8