1.654920635 1
4.014149660 2
5.955918367 3
7.906394558 4
9.787210884 5
11.754807256 6
13.631564626 7
15.477551020 8
17.545578231 9
19.496054422 10
21.342040816 11
23.179319728 12
25.081904762 13
27.010612245 14
29.096054422 15
31.020408163 16
32.879455782 17
34.803809524 18
36.849433107 19
38.782607710 20
40.602993197 21
42.418503401 22
44.190476190 23
45.972993197 24
47.751836735 25
49.769637188 26
51.770340136 27
53.794829932 28
55.653877551 29
57.569047619 30
59.479501134 31
61.657687075 32
63.603809524 33
65.510748299 34
67.565714286 35
69.594557823 36
71.440544218 37
73.351836735 38
75.419863946 39
77.287619048 40
79.046530612 41
81.004263039 42
82.880362812 43
84.841088435 44
87.022585034 45
89.105079365 46
91.052222222 47
93.022040816 48
95.595102041 49
99.352380952 50
101.642448980 51
104.301723356 52
106.599183673 53
108.538775510 54
110.496507937 55
112.604444444 56
115.474285714 57
117.460317460 58
119.430634921 59
123.304716553 60
126.670657596 61
131.750022676 62
134.101043084 63
136.153061224 64
138.083265306 65
140.155510204 66
142.061428571 67
143.942630385 68
145.901768707 69
148.312811791 70
151.469569161 71
153.414240363 72
155.100045351 73
156.812380952 74
158.857528345 75
160.758049887 76
163.601995465 77
165.593106576 78
167.601632653 79
169.494331066 80
172.924807256 81
176.581950113 82
178.927165533 83
180.865170068 84
182.886167800 85
184.801814059 86
186.885804989 87
189.126530612 88
192.336689342 89
194.745759637 90
198.321632653 91