1.654920635 2.35923 1
4.014149660 1.94177 2
5.955918367 1.95048 3
7.906394558 1.88082 4
9.787210884 1.9676 5
11.754807256 1.87676 6
13.631564626 1.84599 7
15.477551020 2.06803 8
17.545578231 1.95048 9
19.496054422 1.84599 10
21.342040816 1.83728 11
23.179319728 1.90259 12
25.081904762 1.92871 13
27.010612245 2.08544 14
29.096054422 1.92435 15
31.020408163 1.85905 16
32.879455782 1.92435 17
34.803809524 2.04562 18
36.849433107 1.93317 19
38.782607710 1.82039 20
40.602993197 1.81551 21
42.418503401 1.77197 22
44.190476190 1.78252 23
45.972993197 1.77884 24
47.751836735 2.0178 25
49.769637188 2.0007 26
51.770340136 2.02449 27
53.794829932 1.85905 28
55.653877551 1.91517 29
57.569047619 1.91045 30
59.479501134 2.17819 31
61.657687075 1.94612 32
63.603809524 1.90694 33
65.510748299 2.05497 34
67.565714286 2.02884 35
69.594557823 1.84599 36
71.440544218 1.91129 37
73.351836735 2.06803 38
75.419863946 1.86776 39
77.287619048 1.75891 40
79.046530612 1.95773 41
81.004263039 1.8761 42
82.880362812 1.96073 43
84.841088435 2.1815 44
87.022585034 2.08249 45
89.105079365 1.94714 46
91.052222222 1.96982 47
93.022040816 2.57306 48
95.595102041 3.75728 49
99.352380952 2.29007 50
101.642448980 2.65927 51
104.301723356 2.29746 52
106.599183673 1.93959 53
108.538775510 1.95773 54
110.496507937 2.10794 55
112.604444444 2.86984 56
115.474285714 1.98603 57
117.460317460 1.97032 58
119.430634921 3.87408 59
123.304716553 3.36594 60
126.670657596 5.07937 61
131.750022676 2.35102 62
134.101043084 2.05202 63
136.153061224 1.9302 64
138.083265306 2.07224 65
140.155510204 1.90592 66
142.061428571 1.8812 67
143.942630385 1.95914 68
145.901768707 2.41104 69
148.312811791 3.15676 70
151.469569161 1.94467 71
153.414240363 1.6858 72
155.100045351 1.71234 73
156.812380952 2.04515 74
158.857528345 1.90052 75
160.758049887 2.84395 76
163.601995465 1.99111 77
165.593106576 2.00853 78
167.601632653 1.8927 79
169.494331066 3.43048 80
172.924807256 3.65714 81
176.581950113 2.34522 82
178.927165533 1.938 83
180.865170068 2.021 84
182.886167800 1.91565 85
184.801814059 2.08399 86
186.885804989 2.24073 87
189.126530612 3.21016 88
192.336689342 2.40907 89
194.745759637 3.57587 90
198.321632653 91