1.654920635 0 1
4.014149660 25.432 2
5.955918367 30.8997 3
7.906394558 30.7617 4
9.787210884 31.901 5
11.754807256 30.4941 6
13.631564626 31.97 7
15.477551020 32.5029 8
17.545578231 29.0132 9
19.496054422 30.7617 10
21.342040816 32.5029 11
23.179319728 32.657 12
25.081904762 31.536 13
27.010612245 31.1089 14
29.096054422 28.7709 15
31.020408163 31.1793 16
32.879455782 32.2746 17
34.803809524 31.1793 18
36.849433107 29.3309 19
38.782607710 31.037 20
40.602993197 32.9601 21
42.418503401 33.0486 22
44.190476190 33.8606 23
45.972993197 33.6603 24
47.751836735 33.7298 25
49.769637188 29.7353 26
51.770340136 29.9895 27
53.794829932 29.6371 28
55.653877551 32.2746 29
57.569047619 31.3288 30
59.479501134 31.4062 31
61.657687075 27.5459 32
63.603809524 30.8305 33
65.510748299 31.464 34
67.565714286 29.1976 35
69.594557823 29.5735 36
71.440544218 32.5029 37
73.351836735 31.3924 38
75.419863946 29.0132 39
77.287619048 32.1241 40
79.046530612 34.112 41
81.004263039 30.6477 42
82.880362812 31.9812 43
84.841088435 30.6009 44
87.022585034 27.5041 45
89.105079365 28.8116 46
91.052222222 30.8144 47
93.022040816 30.4597 48
95.595102041 23.3185 49
99.352380952 15.969 50
101.642448980 26.2001 51
104.301723356 22.5625 52
106.599183673 26.1158 53
108.538775510 30.9343 54
110.496507937 30.6477 55
112.604444444 28.4639 56
115.474285714 20.9071 57
117.460317460 30.211 58
119.430634921 30.4519 59
123.304716553 15.4875 60
126.670657596 17.8256 61
131.750022676 11.8125 62
134.101043084 25.5208 63
136.153061224 29.2395 64
138.083265306 31.0848 65
140.155510204 28.9541 66
142.061428571 31.4809 67
143.942630385 31.8945 68
145.901768707 30.6257 69
148.312811791 24.8855 70
151.469569161 19.0068 71
153.414240363 30.8535 72
155.100045351 35.5913 73
156.812380952 35.0399 74
158.857528345 29.3377 75
160.758049887 31.5703 76
163.601995465 21.0975 77
165.593106576 30.1339 78
167.601632653 29.8727 79
169.494331066 31.7008 80
172.924807256 17.4903 81
176.581950113 16.4063 82
178.927165533 25.584 83
180.865170068 30.9597 84
182.886167800 29.6883 85
184.801814059 31.321 86
186.885804989 28.7909 87
189.126530612 26.777 88
192.336689342 18.6907 89
194.745759637 24.9059 90
198.321632653 16.7791 91