###data-type:		Global Beat Dynamics (0.2x2 smoothing; 100 ms delay)
###extraction-date:	Mon Jul 11 05:37:47 PDT 2022
1.655	61.3	0 1
4.014	71.3	25.432 2
5.956	69.7	30.8997 3
7.906	73.4	30.7617 4
9.787	74.6	31.901 5
11.755	74.4	30.4941 6
13.632	72.9	31.97 7
15.478	71.0	32.5029 8
17.546	66.5	29.0132 9
19.496	75.7	30.7617 10
21.342	76.5	32.5029 11
23.179	75.6	32.657 12
25.082	74.8	31.536 13
27.011	75.9	31.1089 14
29.096	69.0	28.7709 15
31.02	75.9	31.1793 16
32.879	71.9	32.2746 17
34.804	73.6	31.1793 18
36.849	71.2	29.3309 19
38.783	73.6	31.037 20
40.603	75.2	32.9601 21
42.419	76.9	33.0486 22
44.19	77.0	33.8606 23
45.973	76.9	33.6603 24
47.752	76.8	33.7298 25
49.77	77.6	29.7353 26
51.77	74.5	29.9895 27
53.795	79.5	29.6371 28
55.654	77.7	32.2746 29
57.569	78.7	31.3288 30
59.48	74.9	31.4062 31
61.658	77.7	27.5459 32
63.604	71.9	30.8305 33
65.511	75.4	31.464 34
67.566	71.7	29.1976 35
69.595	75.1	29.5735 36
71.441	75.1	32.5029 37
73.352	68.7	31.3924 38
75.42	69.9	29.0132 39
77.288	73.2	32.1241 40
79.047	74.9	34.112 41
81.004	76.0	30.6477 42
82.88	73.1	31.9812 43
84.841	72.9	30.6009 44
87.023	69.6	27.5041 45
89.105	73.0	28.8116 46
91.052	72.6	30.8144 47
93.022	70.9	30.4597 48
95.595	57.6	23.3185 49
99.352	69.1	15.969 50
101.642	73.4	26.2001 51
104.302	69.4	22.5625 52
106.599	75.3	26.1158 53
108.539	73.1	30.9343 54
110.497	73.1	30.6477 55
112.604	66.7	28.4639 56
115.474	71.6	20.9071 57
117.46	73.7	30.211 58
119.431	78.0	30.4519 59
123.305	78.5	15.4875 60
126.671	77.0	17.8256 61
131.75	66.8	11.8125 62
134.101	72.0	25.5208 63
136.153	73.9	29.2395 64
138.083	73.3	31.0848 65
140.156	72.2	28.9541 66
142.061	74.8	31.4809 67
143.943	75.3	31.8945 68
145.902	76.8	30.6257 69
148.313	66.7	24.8855 70
151.47	68.7	19.0068 71
153.414	72.5	30.8535 72
155.1	78.3	35.5913 73
156.812	77.8	35.0399 74
158.858	75.8	29.3377 75
160.758	74.9	31.5703 76
163.602	71.7	21.0975 77
165.593	81.3	30.1339 78
167.602	78.6	29.8727 79
169.494	75.8	31.7008 80
172.925	74.3	17.4903 81
176.582	68.2	16.4063 82
178.927	73.9	25.584 83
180.865	73.0	30.9597 84
182.886	74.6	29.6883 85
184.802	71.2	31.321 86
186.886	72.5	28.7909 87
189.127	71.0	26.777 88
192.337	73.7	18.6907 89
194.746	76.5	24.9059 90
198.322	74.7	16.7791 91
