2.960544218 0 1.1
4.281179138 45.4327 1.2
5.028571429 80.2791 1.3
5.703401361 88.9113 1.4
6.523356009 73.1748 2.1
7.553741497 58.2306 2.2
8.206802721 91.875 2.3
8.867120181 90.8654 2.4
9.563718821 86.1328 3.1
10.673922902 54.0441 3.2
11.363265306 87.0395 3.3
11.929251701 106.01 3.4
12.647619048 83.5227 4.1
13.627210884 61.25 4.2
14.258503401 95.0431 4.3
14.853514739 100.838 4.4
15.499319728 92.9073 5.1
16.587755102 55.125 5.2
17.197278912 98.4375 5.3
17.980952381 76.5625 5.4
18.532426304 108.799 6.1
19.482993197 63.1202 6.2
20.063492063 103.359 6.3
20.767346939 85.2448 6.4
21.333333333 106.01 7.1
22.240362812 66.15 7.2
22.806349206 106.01 7.3
23.466666667 90.8654 7.4
24.025396825 107.386 8.1
24.896145125 68.9063 8.2
25.469387755 104.668 8.3
26.035374150 106.01 8.4
26.746485261 84.375 9.1
27.573696145 72.5329 9.2
28.175963719 99.6235 9.3
28.749206349 104.668 9.4
29.536961451 76.1658 10.1
30.360090703 72.8926 10.2
30.933333333 104.668 10.3
31.506575964 104.668 10.4
32.252517007 80.4353 11.1
33.198752834 63.4091 11.2
33.849160998 92.2498 11.3
34.438095238 101.879 11.4
35.143401361 85.0694 12.1
35.892698413 80.0751 12.2
36.520498866 95.5718 12.3
37.180952381 90.8467 12.4
37.732426304 108.799 13.1
38.450793651 83.5227 13.2
39.002267574 108.799 13.3
39.582766440 103.359 13.4
40.264852608 87.9654 14.1
41.164784580 66.6717 14.2
41.755668934 101.543 14.3
42.491315193 81.5609 14.4
43.123809524 94.8625 15.1
43.936507937 73.8281 15.2
44.489433107 108.514 15.3
45.024943311 112.043 15.4
45.627210884 99.6235 16.1
46.418140590 75.8601 16.2
47.013151927 100.838 16.3
47.629931973 97.2794 16.4
48.224943311 100.838 17.1
49.052154195 72.5329 17.2
49.586213152 112.347 17.3
50.143492063 107.666 17.4
50.742857143 100.106 18.1
51.594739229 70.4323 18.2
52.189433107 100.892 18.3
52.749319728 107.165 18.4
53.463945578 83.96 19.1
54.354036281 67.4089 19.2
54.885147392 112.971 19.3
55.495691610 98.273 19.4
56.064580499 105.469 20.1
56.668299320 99.384 20.2
57.237188209 105.469 20.3
57.782857143 109.957 20.4
58.659410431 68.4499 21.1
59.225396825 106.01 21.2
59.740589569 116.461 21.3
60.302222222 106.831 21.4
60.829024943 113.895 22.1
61.518367347 87.0395 22.2
62.019047619 119.837 22.3
62.562222222 110.462 22.4
63.183492063 96.5764 23.1
64.014512472 72.2004 23.2
64.587755102 104.668 23.3
65.081179138 121.599 23.4
65.654421769 104.668 24.1
66.473083900 73.2903 24.2
67.001564626 113.533 24.3
67.606349206 99.2089 24.4
68.360997732 79.5072 25.1
69.362358277 59.9185 25.2
69.926893424 106.282 25.3
70.519002268 101.333 25.4
71.045804989 113.895 26.1
71.807709751 78.75 26.2
72.400158730 101.275 26.3
72.896145125 120.971 26.4
73.549206349 91.875 27.1
74.419954649 68.9063 27.2
74.991768707 104.929 27.3
75.697052154 85.0722 27.4
76.289160998 101.333 28.1
77.119274376 72.2793 28.2
77.641723356 114.844 28.3
78.164172336 114.844 28.4
78.715646259 108.799 29.1
79.477551020 78.75 29.2
79.992743764 116.461 29.3
80.507936508 116.461 29.4
81.059410431 108.799 30.1
81.843083900 76.5625 30.2
82.343764172 119.837 30.3
82.880725624 111.74 30.4
83.482993197 99.6235 31.1
84.302947846 73.1748 31.2
84.803628118 119.837 31.3
85.456689342 91.875 31.4
86.015419501 107.386 32.1
86.712018141 86.1328 32.2
87.219954649 118.125 32.3
87.771428571 108.799 32.4
88.359183673 102.083 33.1
89.338775510 61.25 33.2
89.896054422 107.666 33.3
90.395283447 120.185 33.4
90.949659864 108.23 34.1
91.646258503 86.1328 34.2
92.218049887 104.933 34.3
92.698412698 124.906 34.4
93.380498866 87.9654 35.1
94.180748299 74.9766 35.2
94.824489796 93.2051 35.3
95.352970522 113.533 35.4
96.000000000 92.7315 36.1
96.739115646 81.1781 36.2
97.221950113 124.266 36.3
97.814058957 101.333 36.4
98.529319728 83.8855 37.1
99.426190476 66.8993 37.2
99.911111111 123.732 37.3
100.397278912 123.414 37.4
100.971972789 104.403 38.1
101.594557823 96.3724 38.2
102.080725624 123.414 38.3
102.705374150 96.054 38.4
103.379523810 89.001 39.1
104.315646259 64.0942 39.2
104.838095238 114.844 39.3
105.346031746 118.125 39.4
105.853968254 118.125 40.1
106.456235828 99.6235 40.2
106.949659864 121.599 40.3
107.450340136 119.837 40.4
108.001814059 108.799 41.1
108.792607710 75.8731 41.2
109.257142857 129.161 41.3
109.743310658 123.414 41.4
110.418140590 88.9113 42.1
111.071201814 91.875 42.2
111.550113379 125.284 42.3
112.021768707 127.212 42.4
112.606371882 102.634 43.1
113.406258503 75.0106 43.2
113.857596372 132.938 43.3
114.431451247 104.556 43.4
114.989569161 107.504 44.1
115.613605442 96.1483 44.2
116.085260771 127.212 44.3
116.658503401 104.668 44.4
117.572789116 65.625 45.1
118.443537415 68.9063 45.2
118.987755102 110.25 45.3
119.539229025 108.799 45.4
120.112471655 104.668 46.1
120.881632653 78.0071 46.2
121.382312925 119.837 46.3
121.882993197 119.837 46.4
122.405442177 114.844 47.1
123.167346939 78.75 47.2
123.696213152 113.45 47.3
124.226757370 113.091 47.4
124.676643991 133.367 48.1
125.482086168 74.4932 48.2
126.035895692 108.34 48.3
126.635827664 100.011 48.4
127.782312925 52.3339 49.1
129.197278912 42.4038 49.2
130.670294785 40.7328 49.3
131.867573696 50.1136 49.4
132.504671202 94.1771 50.1
133.282630385 77.1249 50.2
134.072018141 76.0083 50.3
134.629297052 107.666 50.4
135.256235828 95.7031 51.1
135.894784580 93.9631 51.2
136.721995465 72.5329 51.3
137.281451247 107.247 51.4
138.078911565 75.2389 52.1
139.189115646 54.0441 52.2
139.820408163 95.0431 52.3
140.444444444 96.1483 52.4
140.981405896 111.74 53.1
141.808616780 72.5329 53.2
142.388231293 103.517 53.3
142.940589569 108.625 53.4
143.499319728 107.386 54.1
144.442630385 63.6058 54.2
144.972335601 113.271 54.3
145.484625850 117.121 54.4
145.988208617 119.146 55.1
146.842993197 70.1931 55.2
147.365442177 114.844 55.3
147.934535147 105.431 55.4
148.663265306 82.335 56.1
149.790476190 53.2287 56.2
150.305668934 116.461 56.3
150.752403628 134.308 56.4
151.183673469 139.124 57.1
151.814965986 95.0431 57.2
152.209705215 151.999 57.3
152.643854875 138.201 57.4
153.117097506 126.785 58.1
153.673582766 107.82 58.2
154.145668934 127.095 58.3
154.565034014 143.073 58.4
155.312471655 80.2743 59.1
156.932063492 37.0464 59.2
157.779591837 70.7941 59.3
158.280272109 119.837 59.4
158.853514739 104.668 60.1
159.986825397 52.9422 60.2
160.580498866 101.066 60.3
161.647165533 56.25 60.4
162.380045351 81.8688 61.1
163.802267574 42.1875 61.2
165.050340136 48.0741 61.3
166.876077098 32.8634 61.4
169.520181406 22.692 62.1
171.351655329 32.7605 62.2
172.088888889 81.3853 62.3
172.705668934 97.2794 62.4
173.402267574 86.1328 63.1
174.091609977 87.0395 63.2
174.643083900 108.799 63.3
175.230725624 102.103 63.4
176.111746032 68.1029 64.1
176.986848073 68.5634 64.2
177.560090703 104.668 64.3
178.082539683 114.844 64.4
178.604716553 114.904 65.1
179.211609977 98.8641 65.2
179.693424036 124.529 65.3
180.222811791 113.338 65.4
181.086621315 69.4598 66.1
182.056054422 61.8918 66.2
182.646712018 101.582 66.3
183.307029478 90.8654 66.4
183.771428571 129.199 67.1
184.264852608 121.599 67.2
184.845351474 103.359 67.3
185.466417234 96.6081 67.4
186.049886621 102.833 68.1
186.985941043 64.0988 68.2
187.501133787 116.461 68.3
188.000362812 120.185 68.4
188.487981859 123.047 69.1
189.045260771 107.666 69.2
189.511111111 128.797 69.3
189.990022676 125.284 69.4
190.624217687 94.6081 70.1
191.680725624 56.7909 70.2
192.145124717 129.199 70.3
192.674829932 113.271 70.4
193.044897959 162.132 71.1
193.647165533 99.6235 71.2
194.060770975 145.066 71.3
194.548390023 123.047 71.4
194.977959184 139.675 72.1
195.490249433 117.121 72.2
195.896598639 147.656 72.3
196.344648526 133.914 72.4
196.713061224 162.861 73.1
197.224489796 117.318 73.2
197.630839002 147.656 73.3
198.204512472 104.589 73.4
198.726530612 114.939 74.1
199.517460317 75.8601 74.2
200.134240363 97.2794 74.3
200.620408163 123.414 74.4
201.200907029 103.359 75.1
201.694331066 121.599 75.2
202.277188209 102.941 75.3
202.801564626 114.422 75.4
203.435827664 94.598 76.1
204.371882086 64.0988 76.2
205.010158730 94.0031 76.3
205.656235828 92.8682 76.4
206.164172336 118.125 77.1
206.926077098 78.75 77.2
207.426757370 119.837 77.3
207.992743764 106.01 77.4
208.764013605 77.7938 78.1
209.523809524 78.9686 78.2
210.053514739 113.271 78.3
210.553401361 120.027 78.4
211.112925170 107.234 79.1
211.746009070 94.7742 79.2
212.297981859 108.701 79.3
212.880839002 102.941 79.4
213.809342404 64.6201 80.1
215.283809524 40.6927 80.2
216.122811791 71.5135 80.3
216.562403628 136.49 80.4
216.998253968 137.662 81.1
217.548072562 109.127 81.2
218.499773243 63.045 81.3
219.633197279 52.9369 81.4
221.293424036 36.1396 82.1
222.923174603 36.8154 82.2
223.651700680 82.3581 82.3
224.304761905 91.875 82.4
224.979591837 88.9113 83.1
225.964988662 60.8892 83.2
226.571224490 98.9714 83.3
227.207256236 94.3349 83.4
227.845804989 93.9631 84.1
228.693333333 70.7941 84.2
229.297052154 99.384 84.3
229.885668934 101.934 84.4
230.527709751 93.452 85.1
231.340408163 73.8281 85.2
231.920907029 103.359 85.3
232.454965986 112.347 85.4
233.034013605 103.618 86.1
233.952653061 65.314 86.2
234.521541950 105.469 86.3
235.203628118 87.9654 86.4
235.755102041 108.799 87.1
236.669387755 65.625 87.2
237.261496599 101.333 87.3
237.934875283 89.1029 87.4
238.730158730 75.4448 88.1
240.362811791 36.75 88.2
241.629092971 47.3828 88.3
242.205804989 104.038 88.4
242.634013605 140.119 89.1
243.159365079 114.209 89.2
243.647800454 122.841 89.3
244.173424036 114.15 89.4
245.064852608 67.3077 90.1
246.661224490 37.5852 90.2
247.664897959 59.7804 90.3
248.357913832 86.5781 90.4
249.684172336 45.24 91.1
251.044943311 44.0927 91.2
251.974807256 64.5256 91.3
253.140952381 51.4516 91.4