2.960544218 1.1
4.281179138 1.2
5.028571429 1.3
5.703401361 1.4
6.523356009 2.1
7.553741497 2.2
8.206802721 2.3
8.867120181 2.4
9.563718821 3.1
10.673922902 3.2
11.363265306 3.3
11.929251701 3.4
12.647619048 4.1
13.627210884 4.2
14.258503401 4.3
14.853514739 4.4
15.499319728 5.1
16.587755102 5.2
17.197278912 5.3
17.980952381 5.4
18.532426304 6.1
19.482993197 6.2
20.063492063 6.3
20.767346939 6.4
21.333333333 7.1
22.240362812 7.2
22.806349206 7.3
23.466666667 7.4
24.025396825 8.1
24.896145125 8.2
25.469387755 8.3
26.035374150 8.4
26.746485261 9.1
27.573696145 9.2
28.175963719 9.3
28.749206349 9.4
29.536961451 10.1
30.360090703 10.2
30.933333333 10.3
31.506575964 10.4
32.252517007 11.1
33.198752834 11.2
33.849160998 11.3
34.438095238 11.4
35.143401361 12.1
35.892698413 12.2
36.520498866 12.3
37.180952381 12.4
37.732426304 13.1
38.450793651 13.2
39.002267574 13.3
39.582766440 13.4
40.264852608 14.1
41.164784580 14.2
41.755668934 14.3
42.491315193 14.4
43.123809524 15.1
43.936507937 15.2
44.489433107 15.3
45.024943311 15.4
45.627210884 16.1
46.418140590 16.2
47.013151927 16.3
47.629931973 16.4
48.224943311 17.1
49.052154195 17.2
49.586213152 17.3
50.143492063 17.4
50.742857143 18.1
51.594739229 18.2
52.189433107 18.3
52.749319728 18.4
53.463945578 19.1
54.354036281 19.2
54.885147392 19.3
55.495691610 19.4
56.064580499 20.1
56.668299320 20.2
57.237188209 20.3
57.782857143 20.4
58.659410431 21.1
59.225396825 21.2
59.740589569 21.3
60.302222222 21.4
60.829024943 22.1
61.518367347 22.2
62.019047619 22.3
62.562222222 22.4
63.183492063 23.1
64.014512472 23.2
64.587755102 23.3
65.081179138 23.4
65.654421769 24.1
66.473083900 24.2
67.001564626 24.3
67.606349206 24.4
68.360997732 25.1
69.362358277 25.2
69.926893424 25.3
70.519002268 25.4
71.045804989 26.1
71.807709751 26.2
72.400158730 26.3
72.896145125 26.4
73.549206349 27.1
74.419954649 27.2
74.991768707 27.3
75.697052154 27.4
76.289160998 28.1
77.119274376 28.2
77.641723356 28.3
78.164172336 28.4
78.715646259 29.1
79.477551020 29.2
79.992743764 29.3
80.507936508 29.4
81.059410431 30.1
81.843083900 30.2
82.343764172 30.3
82.880725624 30.4
83.482993197 31.1
84.302947846 31.2
84.803628118 31.3
85.456689342 31.4
86.015419501 32.1
86.712018141 32.2
87.219954649 32.3
87.771428571 32.4
88.359183673 33.1
89.338775510 33.2
89.896054422 33.3
90.395283447 33.4
90.949659864 34.1
91.646258503 34.2
92.218049887 34.3
92.698412698 34.4
93.380498866 35.1
94.180748299 35.2
94.824489796 35.3
95.352970522 35.4
96.000000000 36.1
96.739115646 36.2
97.221950113 36.3
97.814058957 36.4
98.529319728 37.1
99.426190476 37.2
99.911111111 37.3
100.397278912 37.4
100.971972789 38.1
101.594557823 38.2
102.080725624 38.3
102.705374150 38.4
103.379523810 39.1
104.315646259 39.2
104.838095238 39.3
105.346031746 39.4
105.853968254 40.1
106.456235828 40.2
106.949659864 40.3
107.450340136 40.4
108.001814059 41.1
108.792607710 41.2
109.257142857 41.3
109.743310658 41.4
110.418140590 42.1
111.071201814 42.2
111.550113379 42.3
112.021768707 42.4
112.606371882 43.1
113.406258503 43.2
113.857596372 43.3
114.431451247 43.4
114.989569161 44.1
115.613605442 44.2
116.085260771 44.3
116.658503401 44.4
117.572789116 45.1
118.443537415 45.2
118.987755102 45.3
119.539229025 45.4
120.112471655 46.1
120.881632653 46.2
121.382312925 46.3
121.882993197 46.4
122.405442177 47.1
123.167346939 47.2
123.696213152 47.3
124.226757370 47.4
124.676643991 48.1
125.482086168 48.2
126.035895692 48.3
126.635827664 48.4
127.782312925 49.1
129.197278912 49.2
130.670294785 49.3
131.867573696 49.4
132.504671202 50.1
133.282630385 50.2
134.072018141 50.3
134.629297052 50.4
135.256235828 51.1
135.894784580 51.2
136.721995465 51.3
137.281451247 51.4
138.078911565 52.1
139.189115646 52.2
139.820408163 52.3
140.444444444 52.4
140.981405896 53.1
141.808616780 53.2
142.388231293 53.3
142.940589569 53.4
143.499319728 54.1
144.442630385 54.2
144.972335601 54.3
145.484625850 54.4
145.988208617 55.1
146.842993197 55.2
147.365442177 55.3
147.934535147 55.4
148.663265306 56.1
149.790476190 56.2
150.305668934 56.3
150.752403628 56.4
151.183673469 57.1
151.814965986 57.2
152.209705215 57.3
152.643854875 57.4
153.117097506 58.1
153.673582766 58.2
154.145668934 58.3
154.565034014 58.4
155.312471655 59.1
156.932063492 59.2
157.779591837 59.3
158.280272109 59.4
158.853514739 60.1
159.986825397 60.2
160.580498866 60.3
161.647165533 60.4
162.380045351 61.1
163.802267574 61.2
165.050340136 61.3
166.876077098 61.4
169.520181406 62.1
171.351655329 62.2
172.088888889 62.3
172.705668934 62.4
173.402267574 63.1
174.091609977 63.2
174.643083900 63.3
175.230725624 63.4
176.111746032 64.1
176.986848073 64.2
177.560090703 64.3
178.082539683 64.4
178.604716553 65.1
179.211609977 65.2
179.693424036 65.3
180.222811791 65.4
181.086621315 66.1
182.056054422 66.2
182.646712018 66.3
183.307029478 66.4
183.771428571 67.1
184.264852608 67.2
184.845351474 67.3
185.466417234 67.4
186.049886621 68.1
186.985941043 68.2
187.501133787 68.3
188.000362812 68.4
188.487981859 69.1
189.045260771 69.2
189.511111111 69.3
189.990022676 69.4
190.624217687 70.1
191.680725624 70.2
192.145124717 70.3
192.674829932 70.4
193.044897959 71.1
193.647165533 71.2
194.060770975 71.3
194.548390023 71.4
194.977959184 72.1
195.490249433 72.2
195.896598639 72.3
196.344648526 72.4
196.713061224 73.1
197.224489796 73.2
197.630839002 73.3
198.204512472 73.4
198.726530612 74.1
199.517460317 74.2
200.134240363 74.3
200.620408163 74.4
201.200907029 75.1
201.694331066 75.2
202.277188209 75.3
202.801564626 75.4
203.435827664 76.1
204.371882086 76.2
205.010158730 76.3
205.656235828 76.4
206.164172336 77.1
206.926077098 77.2
207.426757370 77.3
207.992743764 77.4
208.764013605 78.1
209.523809524 78.2
210.053514739 78.3
210.553401361 78.4
211.112925170 79.1
211.746009070 79.2
212.297981859 79.3
212.880839002 79.4
213.809342404 80.1
215.283809524 80.2
216.122811791 80.3
216.562403628 80.4
216.998253968 81.1
217.548072562 81.2
218.499773243 81.3
219.633197279 81.4
221.293424036 82.1
222.923174603 82.2
223.651700680 82.3
224.304761905 82.4
224.979591837 83.1
225.964988662 83.2
226.571224490 83.3
227.207256236 83.4
227.845804989 84.1
228.693333333 84.2
229.297052154 84.3
229.885668934 84.4
230.527709751 85.1
231.340408163 85.2
231.920907029 85.3
232.454965986 85.4
233.034013605 86.1
233.952653061 86.2
234.521541950 86.3
235.203628118 86.4
235.755102041 87.1
236.669387755 87.2
237.261496599 87.3
237.934875283 87.4
238.730158730 88.1
240.362811791 88.2
241.629092971 88.3
242.205804989 88.4
242.634013605 89.1
243.159365079 89.2
243.647800454 89.3
244.173424036 89.4
245.064852608 90.1
246.661224490 90.2
247.664897959 90.3
248.357913832 90.4
249.684172336 91.1
251.044943311 91.2
251.974807256 91.3
253.140952381 91.4