###data-type:		Global Beat Dynamics (0.2x2 smoothing; 100 ms delay)
###extraction-date:	Mon Jul 11 05:35:01 PDT 2022
2.067	59.7	0 1
6.341	72.3	14.0362 2
9.834	73.5	17.18 3
13.27	73.5	17.4594 4
16.556	69.9	18.2614 5
20.085	74.7	16.9999 6
23.38	76.6	18.2091 7
26.758	76.8	17.7632 8
30.171	72.2	17.5781 9
34.306	76.1	14.5117 10
37.953	71.0	16.452 11
41.935	72.7	15.067 12
45.45	75.0	17.0701 13
48.931	69.8	17.2395 14
52.594	73.1	16.378 15
56.721	73.9	14.5374 16
60.368	76.9	16.452 17
64.056	72.0	16.2707 18
67.83	65.6	15.8984 19
71.964	76.6	14.5117 20
75.398	76.6	17.4741 21
79.015	77.7	16.5906 22
82.667	77.3	16.4291 23
86.39	73.8	16.1153 24
90.122	76.4	16.0746 25
93.91	75.1	15.8405 26
97.546	76.4	16.5045 27
101.493	73.4	15.1999 28
105.317	74.5	15.6902 29
109.119	75.1	15.7801 30
112.894	72.5	15.8953 31
117.674	69.8	12.5512 32
121.29	75.9	16.5939 33
125.359	65.0	14.7472 34
129.224	66.5	15.5223 35
133.404	71.6	14.353 36
136.955	75.5	16.8991 37
140.561	71.1	16.6373 38
144.399	62.9	15.6339 39
148.907	74.0	13.3109 40
152.25	75.0	17.9443 41
155.718	73.3	17.3023 42
159.203	73.3	17.2194 43
163.002	67.6	15.7921 44
167.091	61.0	14.6739 45
171.23	71.0	14.4939 46
174.933	72.2	16.2037 47
178.802	71.8	15.5083 48
183.523	63.3	12.711 49
188.48	66.7	12.103 50
190.424	63.1	30.8701 51
192.773	66.6	25.544 52
196.356	69.1	16.7439 53
199.713	67.9	17.8745 54
203.093	70.0	17.7516 55
206.557	72.3	17.3205 56
209.567	68.9	19.9295 57
211.44	69.6	32.0401 58
213.579	72.6	28.0445 59
217.697	75.2	14.5725 60
221.57	78.2	15.4917 61
228.682	57.1	8.43572 62
232.947	70.0	14.0697 63
236.539	63.1	16.7045 64
240.239	66.9	16.2132 65
243.345	68.9	19.3195 66
247.068	75.6	16.1184 67
250.175	74.4	19.3105 68
253.693	70.7	17.056 69
257.3	74.1	16.634 70
259.813	81.4	23.8697 71
261.799	84.7	30.2124 72
263.724	79.6	31.1727 73
265.971	75.6	26.7017 74
269.244	82.6	18.3313 75
271.714	82.2	24.2913 76
274.638	75.4	20.5189 77
276.813	75.7	27.5884 78
279.824	81.0	19.9295 79
282.329	81.0	23.9516 80
286.002	77.5	16.3359 81
290.351	79.8	13.795 82
294.361	77.8	14.9634 83
297.804	76.8	17.4281 84
301.185	77.5	17.7422 85
304.424	74.8	18.5232 86
307.873	80.6	17.4006 87
311.478	82.6	16.644 88
315.114	76.2	16.4979 89
317.881	75.8	21.6891 90
321.835	78.8	15.1731 91
