2.066575964 1
6.341224490 2
9.833650794 3
13.270204082 4
16.555827664 5
20.085260771 6
23.380317460 7
26.758095238 8
30.171428571 9
34.306031746 10
37.953015873 11
41.935238095 12
45.450158730 13
48.930544218 14
52.593990930 15
56.721269841 16
60.368253968 17
64.055873016 18
67.829841270 19
71.964444444 20
75.398095238 21
79.014603175 22
82.666666667 23
86.389841270 24
90.122448980 25
93.910204082 26
97.545578231 27
101.492970522 28
105.317006803 29
109.119274376 30
112.893968254 31
117.674376417 32
121.290158730 33
125.358730159 34
129.224126984 35
133.404444444 36
136.954920635 37
140.561269841 38
144.399092971 39
148.906666667 40
152.250340136 41
155.718095238 42
159.202539683 43
163.001904762 44
167.090793651 45
171.230476190 46
174.933333333 47
178.802222222 48
183.522539683 49
188.480000000 50
190.423628118 51
192.772517007 52
196.355918367 53
199.712653061 54
203.092630385 55
206.556734694 56
209.567346939 57
211.440000000 58
213.579455782 59
217.696802721 60
221.569841270 61
228.682448980 62
232.946938776 63
236.538775510 64
240.239455782 65
243.345124717 66
247.067573696 67
250.174693878 68
253.692517007 69
257.299591837 70
259.813242630 71
261.799183673 72
263.723945578 73
265.970997732 74
269.244081633 75
271.714104308 76
274.638231293 77
276.813061224 78
279.823673469 79
282.328730159 80
286.001632653 81
290.351020408 82
294.360816327 83
297.803537415 84
301.185306122 85
304.424489796 86
307.872653061 87
311.477551020 88
315.114376417 89
317.880748299 90
321.835102041 91