2.066575964 0 1
6.341224490 14.0362 2
9.833650794 17.18 3
13.270204082 17.4594 4
16.555827664 18.2614 5
20.085260771 16.9999 6
23.380317460 18.2091 7
26.758095238 17.7632 8
30.171428571 17.5781 9
34.306031746 14.5117 10
37.953015873 16.452 11
41.935238095 15.067 12
45.450158730 17.0701 13
48.930544218 17.2395 14
52.593990930 16.378 15
56.721269841 14.5374 16
60.368253968 16.452 17
64.055873016 16.2707 18
67.829841270 15.8984 19
71.964444444 14.5117 20
75.398095238 17.4741 21
79.014603175 16.5906 22
82.666666667 16.4291 23
86.389841270 16.1153 24
90.122448980 16.0746 25
93.910204082 15.8405 26
97.545578231 16.5045 27
101.492970522 15.1999 28
105.317006803 15.6902 29
109.119274376 15.7801 30
112.893968254 15.8953 31
117.674376417 12.5512 32
121.290158730 16.5939 33
125.358730159 14.7472 34
129.224126984 15.5223 35
133.404444444 14.353 36
136.954920635 16.8991 37
140.561269841 16.6373 38
144.399092971 15.6339 39
148.906666667 13.3109 40
152.250340136 17.9443 41
155.718095238 17.3023 42
159.202539683 17.2194 43
163.001904762 15.7921 44
167.090793651 14.6739 45
171.230476190 14.4939 46
174.933333333 16.2037 47
178.802222222 15.5083 48
183.522539683 12.711 49
188.480000000 12.103 50
190.423628118 30.8701 51
192.772517007 25.544 52
196.355918367 16.7439 53
199.712653061 17.8745 54
203.092630385 17.7516 55
206.556734694 17.3205 56
209.567346939 19.9295 57
211.440000000 32.0401 58
213.579455782 28.0445 59
217.696802721 14.5725 60
221.569841270 15.4917 61
228.682448980 8.43572 62
232.946938776 14.0697 63
236.538775510 16.7045 64
240.239455782 16.2132 65
243.345124717 19.3195 66
247.067573696 16.1184 67
250.174693878 19.3105 68
253.692517007 17.056 69
257.299591837 16.634 70
259.813242630 23.8697 71
261.799183673 30.2124 72
263.723945578 31.1727 73
265.970997732 26.7017 74
269.244081633 18.3313 75
271.714104308 24.2913 76
274.638231293 20.5189 77
276.813061224 27.5884 78
279.823673469 19.9295 79
282.328730159 23.9516 80
286.001632653 16.3359 81
290.351020408 13.795 82
294.360816327 14.9634 83
297.803537415 17.4281 84
301.185306122 17.7422 85
304.424489796 18.5232 86
307.872653061 17.4006 87
311.477551020 16.644 88
315.114376417 16.4979 89
317.880748299 21.6891 90
321.835102041 15.1731 91