2.066575964 4.27465 1
6.341224490 3.49243 2
9.833650794 3.43655 3
13.270204082 3.28562 4
16.555827664 3.52943 5
20.085260771 3.29506 6
23.380317460 3.37778 7
26.758095238 3.41333 8
30.171428571 4.1346 9
34.306031746 3.64698 10
37.953015873 3.98222 11
41.935238095 3.51492 12
45.450158730 3.48039 13
48.930544218 3.66345 14
52.593990930 4.12728 15
56.721269841 3.64698 16
60.368253968 3.68762 17
64.055873016 3.77397 18
67.829841270 4.1346 19
71.964444444 3.43365 20
75.398095238 3.61651 21
79.014603175 3.65206 22
82.666666667 3.72317 23
86.389841270 3.73261 24
90.122448980 3.78776 25
93.910204082 3.63537 26
97.545578231 3.94739 27
101.492970522 3.82404 28
105.317006803 3.80227 29
109.119274376 3.77469 30
112.893968254 4.78041 31
117.674376417 3.61578 32
121.290158730 4.06857 33
125.358730159 3.8654 34
129.224126984 4.18032 35
133.404444444 3.55048 36
136.954920635 3.60635 37
140.561269841 3.83782 38
144.399092971 4.50757 39
148.906666667 3.34367 40
152.250340136 3.46776 41
155.718095238 3.48444 42
159.202539683 3.79937 43
163.001904762 4.08889 44
167.090793651 4.13968 45
171.230476190 3.70286 46
174.933333333 3.86889 47
178.802222222 4.72032 48
183.522539683 4.95746 49
188.480000000 1.94363 50
190.423628118 2.34889 51
192.772517007 3.5834 52
196.355918367 3.35673 53
199.712653061 3.37998 54
203.092630385 3.4641 55
206.556734694 3.01061 56
209.567346939 1.87265 57
211.440000000 2.13946 58
213.579455782 4.11735 59
217.696802721 3.87304 60
221.569841270 7.11261 61
228.682448980 4.26449 62
232.946938776 3.59184 63
236.538775510 3.70068 64
240.239455782 3.10567 65
243.345124717 3.72245 66
247.067573696 3.10712 67
250.174693878 3.51782 68
253.692517007 3.60707 69
257.299591837 2.51365 70
259.813242630 1.98594 71
261.799183673 1.92476 72
263.723945578 2.24705 73
265.970997732 3.27308 74
269.244081633 2.47002 75
271.714104308 2.92413 76
274.638231293 2.17483 77
276.813061224 3.01061 78
279.823673469 2.50506 79
282.328730159 3.6729 80
286.001632653 4.34939 81
290.351020408 4.0098 82
294.360816327 3.44272 83
297.803537415 3.38177 84
301.185306122 3.23918 85
304.424489796 3.44816 86
307.872653061 3.6049 87
311.477551020 3.63683 88
315.114376417 2.76637 89
317.880748299 3.95435 90
321.835102041 91