###data-type:		Global Beat Dynamics (0.2x2 smoothing; 100 ms delay)
###extraction-date:	Mon May 23 23:43:10 PDT 2022
1.733	70.8	1.1
3.112	81.2	1.2
3.622	78.8	1.3
4.101	76.8	1.4
4.773	82.0	2.1
5.368	82.3	2.2
5.866	77.7	2.3
6.304	72.1	2.4
6.888	82.3	3.1
7.532	80.9	3.2
8.037	80.3	3.3
8.49	81.2	3.4
9.047	84.6	4.1
9.566	81.4	4.2
10.032	80.3	4.3
10.493	75.5	4.4
11.159	80.8	5.1
11.955	78.5	5.2
12.525	81.1	5.3
12.957	84.5	5.4
13.444	81.8	6.1
14.01	80.1	6.2
14.574	78.9	6.3
15.012	80.1	6.4
15.621	80.6	7.1
16.292	78.5	7.2
16.762	79.4	7.3
17.25	79.2	7.4
17.72	86.5	8.1
18.199	80.7	8.2
18.696	78.9	8.3
19.219	75.1	8.4
19.836	75.9	9.1
20.825	72.9	9.2
21.264	76.8	9.3
21.76	82.6	9.4
22.352	84.4	10.1
22.84	78.6	10.2
23.293	80.1	10.3
23.789	83.0	10.4
24.46	84.1	11.1
25.043	84.0	11.2
25.529	82.6	11.3
25.957	81.4	11.4
26.453	83.3	12.1
26.924	82.0	12.2
27.368	78.7	12.3
27.838	76.5	12.4
28.449	83.2	13.1
29.101	81.0	13.2
29.582	83.7	13.3
30.029	84.1	13.4
30.685	87.2	14.1
31.303	81.8	14.2
31.774	78.4	14.3
32.244	79.3	14.4
32.984	77.3	15.1
33.89	74.1	15.2
34.377	76.7	15.3
34.913	82.8	15.4
35.344	80.4	16.1
35.84	80.6	16.2
36.293	78.2	16.3
36.798	74.9	16.4
37.451	75.9	17.1
38.034	77.6	17.2
38.511	80.6	17.3
38.962	81.5	17.4
39.515	85.5	18.1
40.083	80.5	18.2
40.559	78.5	18.3
41.064	79.1	18.4
41.691	75.9	19.1
42.684	76.4	19.2
43.209	75.7	19.3
43.716	86.9	19.4
44.26	77.9	20.1
44.91	84.6	20.2
45.349	85.4	20.3
45.819	80.3	20.4
46.367	86.9	21.1
46.838	80.3	21.2
47.325	79.3	21.3
47.795	78.6	21.4
48.335	83.2	22.1
48.814	79.2	22.2
49.284	76.5	22.3
49.763	78.1	22.4
50.381	77.7	23.1
51.035	82.3	23.2
51.548	89.4	23.3
52.042	85.3	23.4
52.53	85.4	24.1
52.968	83.6	24.2
53.42	86.7	24.3
53.908	82.2	24.4
54.544	87.3	25.1
55.233	84.1	25.2
55.676	81.6	25.3
56.172	87.6	25.4
56.651	80.3	26.1
57.173	83.3	26.2
57.635	82.5	26.3
58.149	87.9	26.4
58.744	84.0	27.1
59.578	86.3	27.2
60.057	84.2	27.3
60.524	80.0	27.4
60.979	83.1	28.1
61.466	82.3	28.2
61.91	80.2	28.3
62.372	78.3	28.4
62.946	85.2	29.1
63.574	80.9	29.2
64.017	81.0	29.3
64.453	87.4	29.4
64.932	83.4	30.1
65.445	81.5	30.2
65.863	81.1	30.3
66.342	87.7	30.4
66.987	82.3	31.1
67.866	82.9	31.2
68.354	81.3	31.3
68.807	83.2	31.4
69.303	90.0	32.1
69.747	81.1	32.2
70.208	82.4	32.3
70.67	82.2	32.4
71.227	85.0	33.1
71.854	80.8	33.2
72.345	78.4	33.3
72.85	81.4	33.4
73.404	81.8	34.1
74.01	77.7	34.2
74.46	72.2	34.3
74.935	76.2	34.4
75.494	82.4	35.1
76.235	78.8	35.2
76.674	82.5	35.3
77.122	79.9	35.4
77.627	84.3	36.1
78.141	78.4	36.2
78.594	79.6	36.3
79.098	78.9	36.4
79.656	78.0	37.1
80.335	83.1	37.2
80.805	84.5	37.3
81.267	78.5	37.4
81.781	80.3	38.1
82.493	86.8	38.2
82.921	80.0	38.3
83.365	79.2	38.4
84.071	78.8	39.1
84.872	70.5	39.2
85.333	74.7	39.3
85.812	79.1	39.4
86.274	78.0	40.1
86.761	77.9	40.2
87.223	78.2	40.3
87.65	78.7	40.4
88.181	79.0	41.1
88.842	80.0	41.2
89.278	79.9	41.3
89.731	77.0	41.4
90.279	80.4	42.1
90.845	80.3	42.2
91.246	82.3	42.3
91.69	82.0	42.4
92.195	82.0	43.1
92.804	86.6	43.2
93.248	82.6	43.3
93.675	85.1	43.4
94.163	82.1	44.1
94.69	80.6	44.2
95.094	83.2	44.3
95.608	81.2	44.4
96.34	82.3	45.1
97.289	82.8	45.2
97.741	79.7	45.3
98.241	80.0	45.4
98.871	88.4	46.1
99.431	80.1	46.2
99.91	77.2	46.3
100.354	75.2	46.4
100.998	81.0	47.1
101.634	76.3	47.2
102.049	77.7	47.3
102.55	74.9	47.4
103.097	82.5	48.1
103.88	74.7	48.2
104.385	75.4	48.3
104.88	73.9	48.4
106.092	80.9	49.1
107.346	64.7	49.2
108.484	44.9	49.3
109.227	80.1	49.4
109.708	77.9	50.1
110.074	75.9	50.2
110.472	80.8	50.3
110.907	80.5	50.4
111.308	78.9	51.1
111.813	77.5	51.2
112.239	75.4	51.3
112.684	71.9	51.4
113.145	74.4	52.1
114.138	77.4	52.2
114.617	80.7	52.3
115.148	81.5	52.4
115.661	82.2	53.1
116.238	77.0	53.2
116.702	80.5	53.3
117.2	79.2	53.4
117.812	80.3	54.1
118.509	78.2	54.2
119.017	83.2	54.3
119.406	81.2	54.4
119.946	84.4	55.1
120.432	80.2	55.2
120.89	81.4	55.3
121.371	79.3	55.4
122.035	82.0	56.1
123.182	78.7	56.2
123.6	78.9	56.3
123.987	78.1	56.4
124.334	77.4	57.1
124.979	76.1	57.2
125.336	79.1	57.3
125.806	81.1	57.4
126.18	85.0	58.1
126.659	81.0	58.2
127.083	81.6	58.3
127.591	80.5	58.4
128.279	81.2	59.1
128.953	84.7	59.2
129.472	81.6	59.3
130.072	81.0	59.4
130.582	80.7	60.1
131.419	82.3	60.2
131.971	80.7	60.3
132.714	82.1	60.4
133.268	80.1	61.1
134.095	83.3	61.2
134.749	79.6	61.3
136.002	80.0	61.4
137.596	75.2	62.1
138.919	74.5	62.2
139.381	77.9	62.3
139.86	75.5	62.4
140.443	79.5	63.1
140.87	80.4	63.2
141.322	83.0	63.3
141.784	79.4	63.4
142.454	82.0	64.1
143.047	79.5	64.2
143.525	80.0	64.3
143.996	80.7	64.4
144.57	83.8	65.1
145.041	84.4	65.2
145.485	81.3	65.3
145.955	79.6	65.4
146.573	81.0	66.1
147.296	78.0	66.2
147.757	78.6	66.3
148.193	80.1	66.4
148.741	80.6	67.1
149.272	85.9	67.2
149.716	81.5	67.3
150.161	82.4	67.4
150.718	84.2	68.1
151.423	82.4	68.2
151.852	84.0	68.3
152.303	83.6	68.4
152.824	83.2	69.1
153.374	81.9	69.2
153.826	83.6	69.3
154.305	81.7	69.4
154.915	83.3	70.1
155.481	78.7	70.2
155.899	82.1	70.3
156.299	81.6	70.4
156.7	83.2	71.1
157.182	81.5	71.2
157.576	82.8	71.3
157.977	83.3	71.4
158.407	83.4	72.1
158.824	80.6	72.2
159.199	82.0	72.3
159.599	82.0	72.4
160.061	81.1	73.1
160.491	83.1	73.2
160.932	80.5	73.3
161.35	79.0	73.4
161.794	71.8	74.1
162.412	81.0	74.2
162.865	81.9	74.3
163.309	85.3	74.4
163.736	86.6	75.1
164.153	84.4	75.2
164.629	84.0	75.3
165.05	87.1	75.4
165.651	86.7	76.1
166.206	83.1	76.2
166.725	78.7	76.3
167.401	80.6	76.4
167.776	83.6	77.1
168.237	79.6	77.2
168.742	80.5	77.3
169.169	81.7	77.4
169.561	78.4	78.1
170.272	85.6	78.2
170.684	86.4	78.3
171.146	79.7	78.4
171.712	82.6	79.1
172.103	82.3	79.2
172.539	81.5	79.3
173	85.5	79.4
173.592	83.2	80.1
174.872	82.5	80.2
175.613	79.0	80.3
176.039	80.5	80.4
176.437	82.7	81.1
176.814	83.5	81.2
177.478	80.3	81.3
178.747	77.5	81.4
180.384	82.9	82.1
181.56	80.7	82.2
182.082	79.7	82.3
182.535	77.7	82.4
183.205	88.3	83.1
183.78	83.0	83.2
184.244	81.1	83.3
184.726	81.0	83.4
185.316	84.7	84.1
185.818	81.0	84.2
186.358	80.6	84.3
186.828	79.1	84.4
187.372	85.9	85.1
187.907	79.9	85.2
188.354	77.4	85.3
188.855	76.3	85.4
189.527	81.3	86.1
190.299	83.2	86.2
190.811	85.1	86.3
191.254	80.8	86.4
191.756	83.6	87.1
192.261	81.8	87.2
192.752	83.6	87.3
193.228	85.1	87.4
194.038	83.1	88.1
194.781	74.9	88.2
195.338	79.0	88.3
195.727	80.3	88.4
196.171	79.0	89.1
196.789	77.8	89.2
197.155	81.0	89.3
197.602	80.0	89.4
198.235	84.4	90.1
199.14	81.9	90.2
199.645	82.3	90.3
200.179	80.7	90.4
200.908	83.7	91.1
201.938	77.2	91.2
202.786	76.8	91.3
203.86	50.4	91.4
