1.732789116 1.1
3.112335601 1.2
3.622312925 1.3
4.101224490 1.4
4.773151927 2.1
5.367913832 2.2
5.865510204 2.3
6.304217687 2.4
6.887619048 3.1
7.531972789 3.2
8.037006803 3.3
8.489795918 3.4
9.047074830 4.1
9.566326531 4.2
10.032018141 4.3
10.492857143 4.4
11.159115646 5.1
11.955374150 5.2
12.525306122 5.3
12.956734694 5.4
13.444353741 6.1
14.010340136 6.2
14.574489796 6.3
15.011700680 6.4
15.621224490 7.1
16.291700680 7.2
16.761904762 7.3
17.249523810 7.4
17.719727891 8.1
18.198639456 8.2
18.695714286 8.3
19.218594104 8.4
19.835646259 9.1
20.824557823 9.2
21.263673469 9.3
21.760000000 9.4
22.352108844 10.1
22.839727891 10.2
23.292517007 10.3
23.788843537 10.4
24.460000000 11.1
25.042721088 11.2
25.528820862 11.3
25.957006803 11.4
26.453333333 12.1
26.923537415 12.2
27.367619048 12.3
27.837823129 12.4
28.449433107 13.1
29.101496599 13.2
29.581768707 13.3
30.028866213 13.4
30.685170068 14.1
31.303401361 14.2
31.773605442 14.3
32.243809524 14.4
32.983945578 15.1
33.889523810 15.2
34.377142857 15.3
34.913424036 15.4
35.343673469 16.1
35.840000000 16.2
36.292789116 16.3
36.797823129 16.4
37.450884354 17.1
38.034285714 17.2
38.510612245 17.3
38.961609977 17.4
39.514557823 18.1
40.082993197 18.2
40.559455782 18.3
41.064489796 18.4
41.691428571 19.1
42.684081633 19.2
43.208843537 19.3
43.716190476 19.4
44.260136054 20.1
44.910385488 20.2
45.348571429 20.3
45.818775510 20.4
46.367346939 21.1
46.837551020 21.2
47.325170068 21.3
47.795374150 21.4
48.335238095 22.1
48.814149660 22.2
49.284353741 22.3
49.763265306 22.4
50.380612245 23.1
51.034557823 23.2
51.548299320 23.3
52.042131519 23.4
52.529841270 24.1
52.967619048 24.2
53.420408163 24.3
53.908027211 24.4
54.543673469 25.1
55.232607710 25.2
55.675646259 25.3
56.171972789 25.4
56.650884354 26.1
57.173333333 26.2
57.634829932 26.3
58.148571429 26.4
58.743650794 27.1
59.578435374 27.2
60.056961451 27.3
60.524285714 27.4
60.978503401 28.1
61.466122449 28.2
61.910204082 28.3
62.371700680 28.4
62.946394558 29.1
63.573696145 29.2
64.017414966 29.3
64.452789116 29.4
64.931700680 30.1
65.445442177 30.2
65.863401361 30.3
66.342312925 30.4
66.986666667 31.1
67.866122449 31.2
68.353741497 31.3
68.806530612 31.4
69.302857143 32.1
69.746938776 32.2
70.208435374 32.3
70.669931973 32.4
71.227210884 33.1
71.854149660 33.2
72.344761905 33.3
72.850181406 33.4
73.404081633 34.1
74.009591837 34.2
74.460476190 34.3
74.935192744 34.4
75.493877551 35.1
76.234625850 35.2
76.674467120 35.3
77.122176871 35.4
77.627210884 36.1
78.140952381 36.2
78.593741497 36.3
79.097641723 36.4
79.656054422 37.1
80.335238095 37.2
80.805442177 37.3
81.266938776 37.4
81.780680272 38.1
82.493015873 38.2
82.921360544 38.3
83.365442177 38.4
84.070748299 39.1
84.871836735 39.2
85.333333333 39.3
85.812244898 39.4
86.273741497 40.1
86.761360544 40.2
87.222857143 40.3
87.649523810 40.4
88.180680272 41.1
88.842448980 41.2
89.277823129 41.3
89.730612245 41.4
90.279183673 42.1
90.845170068 42.2
91.245714286 42.3
91.689795918 42.4
92.194829932 43.1
92.804353741 43.2
93.248435374 43.3
93.675102041 43.4
94.162721088 44.1
94.689501134 44.2
95.094421769 44.3
95.607732426 44.4
96.339591837 45.1
97.288707483 45.2
97.741496599 45.3
98.240589569 45.4
98.870566893 46.1
99.430748299 46.2
99.909659864 46.3
100.353741497 46.4
100.998095238 47.1
101.634058957 47.2
102.049115646 47.3
102.549637188 47.4
103.096598639 48.1
103.880272109 48.2
104.385306122 48.3
104.879886621 48.4
106.091972789 49.1
107.346190476 49.2
108.483628118 49.3
109.226666667 49.4
109.708480726 50.1
110.074195011 50.2
110.471836735 50.3
110.907210884 50.4
111.307755102 51.1
111.812789116 51.2
112.239455782 51.3
112.683537415 51.4
113.145034014 52.1
114.137687075 52.2
114.616598639 52.3
115.147755102 52.4
115.661496599 53.1
116.238412698 53.2
116.701791383 53.3
117.199977324 53.4
117.812244898 54.1
118.508843537 54.2
119.017460317 54.3
119.405714286 54.4
119.946009070 55.1
120.431655329 55.2
120.889954649 55.3
121.371360544 55.4
122.035374150 56.1
123.181859410 56.2
123.599818594 56.3
123.987097506 56.4
124.334149660 57.1
124.978503401 57.2
125.335510204 57.3
125.805714286 57.4
126.180136054 58.1
126.659047619 58.2
127.082811791 58.3
127.590748299 58.4
128.278639456 59.1
128.952902494 59.2
129.471564626 59.3
130.072380952 59.4
130.581995465 60.1
131.419138322 60.2
131.970612245 60.3
132.713650794 60.4
133.268027211 61.1
134.095238095 61.2
134.749070295 61.3
136.002176871 61.4
137.595646259 62.1
138.919183673 62.2
139.380680272 62.3
139.859591837 62.4
140.442993197 63.1
140.869659864 63.2
141.322448980 63.3
141.783945578 63.4
142.454421769 64.1
143.046530612 64.2
143.525442177 64.3
143.995646259 64.4
144.570340136 65.1
145.040544218 65.2
145.484625850 65.3
145.954829932 65.4
146.572970522 66.1
147.295782313 66.2
147.757278912 66.3
148.192653061 66.4
148.741224490 67.1
149.272380952 67.2
149.716462585 67.3
150.160544218 67.4
150.717823129 68.1
151.423129252 68.2
151.851768707 68.3
152.303061224 68.4
152.824104308 69.1
153.373605442 69.2
153.826394558 69.3
154.305306122 69.4
154.914829932 70.1
155.480816327 70.2
155.898775510 70.3
156.299319728 70.4
156.699863946 71.1
157.181678005 71.2
157.576417234 71.3
157.976961451 71.4
158.406530612 72.1
158.824489796 72.2
159.198911565 72.3
159.599455782 72.4
160.060952381 73.1
160.490521542 73.2
160.931700680 73.3
161.349659864 73.4
161.793741497 74.1
162.411972789 74.2
162.864761905 74.3
163.308843537 74.4
163.735510204 75.1
164.153469388 75.2
164.629478458 75.3
165.050340136 75.4
165.651156463 76.1
166.206167800 76.2
166.725079365 76.3
167.401360544 76.4
167.775782313 77.1
168.237278912 77.2
168.742312925 77.3
169.168979592 77.4
169.560816327 78.1
170.271927438 78.2
170.684081633 78.3
171.145578231 78.4
171.711564626 79.1
172.103401361 79.2
172.538775510 79.3
173.000272109 79.4
173.592380952 80.1
174.872380952 80.2
175.612517007 80.3
176.038662132 80.4
176.436961451 81.1
176.814149660 81.2
177.478117914 81.3
178.747210884 81.4
180.384217687 82.1
181.559727891 82.2
182.082176871 82.3
182.534965986 82.4
183.205442177 83.1
183.779546485 83.2
184.244353741 83.3
184.726167800 83.4
185.315691610 84.1
185.817687075 84.2
186.357551020 84.3
186.827755102 84.4
187.372222222 85.1
187.907460317 85.2
188.354104308 85.3
188.855260771 85.4
189.527074830 86.1
190.299138322 86.2
190.810702948 86.3
191.254058957 86.4
191.756190476 87.1
192.261224490 87.2
192.751859410 87.3
193.227755102 87.4
194.037551020 88.1
194.780589569 88.2
195.337868481 88.3
195.726802721 88.4
196.170884354 89.1
196.789115646 89.2
197.154829932 89.3
197.601814059 89.4
198.234557823 90.1
199.140136054 90.2
199.645170068 90.3
200.179092971 90.4
200.907755102 91.1
201.938140590 91.2
202.785668934 91.3
203.859705215 91.4