1.732789116	0	1.1
3.112335601	43.4926	1.2
3.622312925	117.652	1.3
4.101224490	125.284	1.4
4.773151927	89.2954	2.1
5.367913832	100.881	2.2
5.865510204	120.58	2.3
6.304217687	136.765	2.4
6.887619048	102.845	3.1
7.531972789	93.1166	3.2
8.037006803	118.804	3.3
8.489795918	132.512	3.4
9.047074830	107.666	4.1
9.566326531	115.551	4.2
10.032018141	128.841	4.3
10.492857143	130.197	4.4
11.159115646	90.0551	5.1
11.955374150	75.3524	5.2
12.525306122	105.276	5.3
12.956734694	139.073	5.4
13.444353741	123.047	6.1
14.010340136	106.01	6.2
14.574489796	106.355	6.3
15.011700680	137.234	6.4
15.621224490	98.4375	7.1
16.291700680	89.4886	7.2
16.761904762	127.604	7.3
17.249523810	123.047	7.4
17.719727891	127.604	8.1
18.198639456	125.284	8.2
18.695714286	120.706	8.3
19.218594104	114.749	8.4
19.835646259	97.2365	9.1
20.824557823	60.6728	9.2
21.263673469	136.638	9.3
21.760000000	120.888	9.4
22.352108844	101.333	10.1
22.839727891	123.047	10.2
23.292517007	132.512	10.3
23.788843537	120.888	10.4
24.460000000	89.3979	11.1
25.042721088	102.965	11.2
25.528820862	123.431	11.3
25.957006803	140.126	11.4
26.453333333	120.888	12.1
26.923537415	127.604	12.2
27.367619048	135.11	12.3
27.837823129	127.604	12.4
28.449433107	98.1017	13.1
29.101496599	92.0156	13.2
29.581768707	124.929	13.3
30.028866213	134.199	13.4
30.685170068	91.4211	14.1
31.303401361	97.0511	14.2
31.773605442	127.604	14.3
32.243809524	127.604	14.4
32.983945578	81.0662	15.1
33.889523810	66.256	15.2
34.377142857	123.047	15.3
34.913424036	111.882	15.4
35.343673469	139.454	16.1
35.840000000	120.888	16.2
36.292789116	132.512	16.3
36.797823129	118.804	16.4
37.450884354	91.875	17.1
38.034285714	102.845	17.2
38.510612245	125.964	17.3
38.961609977	133.038	17.4
39.514557823	108.509	18.1
40.082993197	105.553	18.2
40.559455782	125.928	18.3
41.064489796	118.804	18.4
41.691428571	95.7031	19.1
42.684081633	60.4441	19.2
43.208843537	114.338	19.3
43.716190476	118.262	19.4
44.260136054	110.305	20.1
44.910385488	92.2723	20.2
45.348571429	136.928	20.3
45.818775510	127.604	20.4
46.367346939	109.375	21.1
46.837551020	127.604	21.2
47.325170068	123.047	21.3
47.795374150	127.604	21.4
48.335238095	111.139	22.1
48.814149660	125.284	22.2
49.284353741	127.604	22.3
49.763265306	125.284	22.4
50.380612245	97.1901	23.1
51.034557823	91.7508	23.2
51.548299320	116.79	23.3
52.042131519	121.499	23.4
52.529841270	123.024	24.1
52.967619048	137.056	24.2
53.420408163	132.512	24.3
53.908027211	123.047	24.4
54.543673469	94.3921	25.1
55.232607710	87.091	25.2
55.675646259	135.428	25.3
56.171972789	120.888	25.4
56.650884354	125.284	26.1
57.173333333	114.844	26.2
57.634829932	130.012	26.3
58.148571429	116.79	26.4
58.743650794	100.827	27.1
59.578435374	71.8748	27.2
60.056961451	125.385	27.3
60.524285714	128.391	27.4
60.978503401	132.095	28.1
61.466122449	123.047	28.2
61.910204082	135.11	28.3
62.371700680	130.012	28.4
62.946394558	104.403	29.1
63.573696145	95.6478	29.2
64.017414966	135.221	29.3
64.452789116	137.813	29.4
64.931700680	125.284	30.1
65.445442177	116.79	30.2
65.863401361	143.555	30.3
66.342312925	125.284	30.4
66.986666667	93.1166	31.1
67.866122449	68.224	31.2
68.353741497	123.047	31.3
68.806530612	132.512	31.4
69.302857143	120.888	32.1
69.746938776	135.11	32.2
70.208435374	130.012	32.3
70.669931973	130.012	32.4
71.227210884	107.666	33.1
71.854149660	95.7031	33.2
72.344761905	122.296	33.3
72.850181406	118.713	33.4
73.404081633	108.323	34.1
74.009591837	99.09	34.2
74.460476190	133.072	34.3
74.935192744	126.391	34.4
75.493877551	107.395	35.1
76.234625850	80.9992	35.2
76.674467120	136.413	35.3
77.122176871	134.015	35.4
77.627210884	118.804	36.1
78.140952381	116.79	36.2
78.593741497	132.512	36.3
79.097641723	119.071	36.4
79.656054422	107.447	37.1
80.335238095	88.3413	37.2
80.805442177	127.604	37.3
81.266938776	130.012	37.4
81.780680272	116.79	38.1
82.493015873	84.23	38.2
82.921360544	140.074	38.3
83.365442177	135.11	38.4
84.070748299	85.0694	39.1
84.871836735	74.8981	39.2
85.333333333	130.012	39.3
85.812244898	125.284	39.4
86.273741497	130.012	40.1
86.761360544	123.047	40.2
87.222857143	130.012	40.3
87.649523810	140.625	40.4
88.180680272	112.961	41.1
88.842448980	90.6661	41.2
89.277823129	137.813	41.3
89.730612245	132.512	41.4
90.279183673	109.375	42.1
90.845170068	106.01	42.2
91.245714286	149.796	42.3
91.689795918	135.11	42.4
92.194829932	118.804	43.1
92.804353741	98.4375	43.2
93.248435374	135.11	43.3
93.675102041	140.625	43.4
94.162721088	123.047	44.1
94.689501134	113.9	44.2
95.094421769	148.177	44.3
95.607732426	116.888	44.4
96.339591837	81.983	45.1
97.288707483	63.2167	45.2
97.741496599	132.512	45.3
98.240589569	120.218	45.4
98.870566893	95.2415	46.1
99.430748299	107.108	46.2
99.909659864	125.284	46.3
100.353741497	135.11	46.4
100.998095238	93.1166	47.1
101.634058957	94.345	47.2
102.049115646	144.559	47.3
102.549637188	119.875	47.4
103.096598639	109.697	48.1
103.880272109	76.5625	48.2
104.385306122	118.804	48.3
104.879886621	121.315	48.4
106.091972789	49.5014	49.1
107.346190476	47.8386	49.2
108.483628118	52.7501	49.3
109.226666667	80.7495	49.4
109.708480726	124.529	50.1
110.074195011	164.063	50.2
110.471836735	150.89	50.3
110.907210884	137.813	50.4
111.307755102	149.796	51.1
111.812789116	118.804	51.2
112.239455782	140.625	51.3
112.683537415	135.11	51.4
113.145034014	130.012	52.1
114.137687075	60.4441	52.2
114.616598639	125.284	52.3
115.147755102	112.961	52.4
115.661496599	116.79	53.1
116.238412698	104.001	53.2
116.701791383	129.484	53.3
117.199977324	120.437	53.4
117.812244898	97.9964	54.1
118.508843537	86.1328	54.2
119.017460317	117.967	54.3
119.405714286	154.538	54.4
119.946009070	111.05	55.1
120.431655329	123.547	55.2
120.889954649	130.919	55.3
121.371360544	124.635	55.4
122.035374150	90.3596	56.1
123.181859410	52.3339	56.2
123.599818594	143.555	56.3
123.987097506	154.927	56.4
124.334149660	172.885	57.1
124.978503401	93.1166	57.2
125.335510204	168.064	57.3
125.805714286	127.604	57.4
126.180136054	160.247	58.1
126.659047619	125.284	58.2
127.082811791	141.588	58.3
127.590748299	118.125	58.4
128.278639456	87.2231	59.1
128.952902494	88.986	59.2
129.471564626	115.682	59.3
130.072380952	99.8641	59.4
130.581995465	117.736	60.1
131.419138322	71.6724	60.2
131.970612245	108.799	60.3
132.713650794	80.7495	60.4
133.268027211	108.23	61.1
134.095238095	72.5329	61.2
134.749070295	91.7667	61.3
136.002176871	47.881	61.4
137.595646259	37.6537	62.1
138.919183673	45.3331	62.2
139.380680272	130.012	62.3
139.859591837	125.284	62.4
140.442993197	102.845	63.1
140.869659864	140.625	63.2
141.322448980	132.512	63.3
141.783945578	130.012	63.4
142.454421769	89.4886	64.1
143.046530612	101.333	64.2
143.525442177	125.284	64.3
143.995646259	127.604	64.4
144.570340136	104.403	65.1
145.040544218	127.604	65.2
145.484625850	135.11	65.3
145.954829932	127.604	65.4
146.572970522	97.0653	66.1
147.295782313	83.0092	66.2
147.757278912	130.012	66.3
148.192653061	137.813	66.4
148.741224490	109.375	67.1
149.272380952	112.961	67.2
149.716462585	135.11	67.3
150.160544218	135.11	67.4
150.717823129	107.666	68.1
151.423129252	85.0694	68.2
151.851768707	139.978	68.3
152.303061224	132.951	68.4
152.824104308	115.154	69.1
153.373605442	109.19	69.2
153.826394558	132.512	69.3
154.305306122	125.284	69.4
154.914829932	98.4375	70.1
155.480816327	106.01	70.2
155.898775510	143.555	70.3
156.299319728	149.796	70.4
156.699863946	149.796	71.1
157.181678005	124.529	71.2
157.576417234	151.999	71.3
157.976961451	149.796	71.4
158.406530612	139.675	72.1
158.824489796	143.555	72.2
159.198911565	160.247	72.3
159.599455782	149.796	72.4
160.060952381	130.012	73.1
160.490521542	139.675	73.2
160.931700680	135.999	73.3
161.349659864	143.555	73.4
161.793741497	135.11	74.1
162.411972789	97.0511	74.2
162.864761905	132.512	74.3
163.308843537	135.11	74.4
163.735510204	140.625	75.1
164.153469388	143.555	75.2
164.629478458	126.048	75.3
165.050340136	142.565	75.4
165.651156463	99.8641	76.1
166.206167800	108.106	76.2
166.725079365	115.627	76.3
167.401360544	88.7205	76.4
167.775782313	160.247	77.1
168.237278912	130.012	77.2
168.742312925	118.804	77.3
169.168979592	140.625	77.4
169.560816327	153.125	78.1
170.271927438	84.375	78.2
170.684081633	145.577	78.3
171.145578231	130.012	78.4
171.711564626	106.01	79.1
172.103401361	153.125	79.2
172.538775510	137.813	79.3
173.000272109	130.012	79.4
173.592380952	101.333	80.1
174.872380952	46.875	80.2
175.612517007	81.0662	80.3
176.038662132	140.797	80.4
176.436961451	150.64	81.1
176.814149660	159.072	81.2
177.478117914	90.3658	81.3
178.747210884	47.2779	81.4
180.384217687	36.6523	82.1
181.559727891	51.0417	82.2
182.082176871	114.844	82.3
182.534965986	132.512	82.4
183.205442177	89.4886	83.1
183.779546485	104.511	83.2
184.244353741	129.086	83.3
184.726167800	124.529	83.4
185.315691610	101.777	84.1
185.817687075	119.523	84.2
186.357551020	111.139	84.3
186.827755102	127.604	84.4
187.372222222	110.199	85.1
187.907460317	112.1	85.2
188.354104308	134.335	85.3
188.855260771	119.723	85.4
189.527074830	89.3104	86.1
190.299138322	77.7138	86.2
190.810702948	117.287	86.3
191.254058957	135.331	86.4
191.756190476	119.491	87.1
192.261224490	118.804	87.2
192.751859410	122.291	87.3
193.227755102	126.078	87.4
194.037551020	74.0927	88.1
194.780589569	80.7495	88.2
195.337868481	107.666	88.3
195.726802721	154.268	88.4
196.170884354	135.11	89.1
196.789115646	97.0511	89.2
197.154829932	164.063	89.3
197.601814059	134.233	89.4
198.234557823	94.8251	90.1
199.140136054	66.256	90.2
199.645170068	118.804	90.3
200.179092971	112.376	90.4
200.907755102	82.3427	91.1
201.938140590	58.2306	91.2
202.785668934	70.7941	91.3
203.859705215	55.864	91.4