0.689909297 0 1.1
1.153015873 129.56 1.2
1.515102041 165.706 1.3
1.818412698 197.817 1.4
2.118095238 200.212 1.5
2.382222222 227.163 1.6
2.671746032 207.237 1.7
2.956190476 210.938 1.8
3.286349206 181.731 2.1
3.657142857 161.815 2.2
3.941587302 210.938 2.3
4.195827664 235.997 2.4
4.499705215 197.448 2.5
4.825396825 184.223 2.6
5.144829932 187.833 2.7
5.393514739 241.269 2.8
5.709206349 190.059 3.1
6.074920635 164.063 3.2
6.339047619 227.163 3.3
6.618412698 214.773 3.4
6.928253968 193.648 3.5
7.268571429 176.306 3.6
7.563174603 203.664 3.7
7.842539683 214.773 3.8
8.137142857 203.664 4.1
8.457142857 187.5 4.2
8.731428571 218.75 4.3
9.015873016 210.938 4.4
9.335873016 187.5 4.5
9.650793651 190.524 4.6
9.955918367 196.641 4.7
10.234920635 215.052 4.8
10.595555556 166.373 5.1
10.925714286 181.731 5.2
11.225396825 200.212 5.3
11.479365079 236.25 5.4
11.779047619 200.212 5.5
12.099047619 187.5 5.6
12.403265306 197.227 5.7
12.637460317 256.197 5.8
12.947301587 193.648 6.1
13.318095238 161.815 6.2
13.602539683 210.938 6.3
13.881904762 214.773 6.4
14.196122449 190.95 6.5
14.511746032 190.1 6.6
14.791111111 214.773 6.7
15.055238095 227.163 6.8
15.446349206 153.409 7.1
15.893333333 134.233 7.2
16.172698413 214.773 7.3
16.446984127 218.75 7.4
16.733605442 209.335 7.5
17.056507937 185.815 7.6
17.310476190 236.25 7.7
17.584761905 218.75 7.8
17.884444444 200.212 8.1
18.250158730 164.063 8.2
18.524444444 218.75 8.3
18.788571429 227.163 8.4
19.076371882 208.478 8.5
19.438730159 165.582 8.6
19.733333333 203.664 8.7
20.104126984 161.815 8.8
20.581587302 125.665 9.1
21.120000000 111.439 9.2
21.506031746 155.428 9.3
21.810793651 196.875 9.4
22.090158730 214.773 9.5
22.379682540 207.237 9.6
22.628571429 241.071 9.7
22.938412698 193.648 9.8
23.268571429 181.731 10.1
23.603809524 178.977 10.2
23.890068027 209.601 10.3
24.152380952 228.734 10.4
24.457619048 196.568 10.5
24.792380952 179.232 10.6
25.056507937 227.163 10.7
25.305396825 241.071 10.8
25.687142857 157.173 11.1
25.991111111 197.389 11.2
26.245079365 236.25 11.3
26.499047619 236.25 11.4
26.803809524 196.875 11.5
27.144126984 176.306 11.6
27.403174603 231.618 11.7
27.697777778 203.664 11.8
27.987301587 207.237 12.1
28.317460317 181.731 12.2
28.581587302 227.163 12.3
28.850793651 222.877 12.4
29.152471655 198.888 12.5
29.465396825 191.739 12.6
29.770158730 196.875 12.7
30.003809524 256.793 12.8
30.347913832 174.366 13.1
30.750476190 149.045 13.2
31.050158730 200.212 13.3
31.349841270 200.212 13.4
31.588571429 251.33 13.5
31.867936508 214.773 13.6
32.116825397 241.071 13.7
32.396190476 214.773 13.8
32.729863946 179.817 14.1
33.107301587 158.967 14.2
33.412063492 196.875 14.3
33.671111111 231.618 14.4
33.975873016 196.875 14.5
34.331428571 168.75 14.6
34.595555556 227.163 14.7
34.890158730 203.664 14.8
35.309750567 142.996 15.1
35.804444444 121.287 15.2
36.154920635 171.196 15.3
36.434285714 214.773 15.4
36.718730159 210.938 15.5
37.008253968 207.237 15.6
37.292698413 210.938 15.7
37.526349206 256.793 15.8
37.836190476 193.648 16.1
38.171428571 178.977 16.2
38.445714286 218.75 16.3
38.709841270 227.163 16.4
38.994285714 210.938 16.5
39.354920635 166.373 16.6
39.588571429 256.793 16.7
39.867936508 214.773 16.8
40.198095238 181.731 17.1
40.629841270 138.971 17.2
40.933832200 197.374 17.3
41.173333333 250.521 17.4
41.452698413 214.773 17.5
41.716825397 227.163 17.6
42.002312925 210.167 17.7
42.255238095 237.224 17.8
42.565079365 193.648 18.1
42.966349206 149.525 18.2
43.242947846 216.921 18.3
43.509841270 224.809 18.4
43.816009070 195.971 18.5
44.134603175 188.327 18.6
44.398730159 227.163 18.7
44.708571429 193.648 18.8
45.099682540 153.409 19.1
45.572063492 127.016 19.2
45.831111111 231.618 19.3
46.115555556 210.938 19.4
46.420317460 196.875 19.5
46.735238095 190.524 19.6
46.999365079 227.163 19.7
47.293968254 203.664 19.8
47.578412698 210.938 20.1
47.913650794 178.977 20.2
48.198095238 210.938 20.3
48.487619048 207.237 20.4
48.800294785 191.892 20.5
49.107301587 195.435 20.6
49.401904762 203.664 20.7
49.630476190 262.5 20.8
49.940317460 193.648 21.1
50.321269841 157.5 21.2
50.600634921 214.773 21.3
50.844444444 246.094 21.4
51.196439909 170.457 21.5
51.499682540 197.861 21.6
51.779047619 214.773 21.7
52.027936508 241.071 21.8
52.353015873 184.57 22.1
52.683174603 181.731 22.2
52.952380952 222.877 22.3
53.186031746 256.793 22.4
53.536258503 171.318 22.5
53.897142857 166.258 22.6
54.151111111 236.25 22.7
54.384761905 256.793 22.8
54.730158730 173.713 23.1
55.040000000 193.648 23.2
55.375215420 178.989 23.3
55.634285714 231.597 23.4
55.951224490 189.311 23.5
56.279365079 182.848 23.6
56.573968254 203.664 23.7
56.817777778 246.094 23.8
57.132698413 190.524 24.1
57.447619048 190.524 24.2
57.716825397 222.877 24.3
57.986031746 222.877 24.4
58.295873016 193.648 24.5
58.707301587 145.833 24.6
58.971428571 227.163 24.7
59.230476190 231.618 24.8
59.601269841 161.815 25.1
59.951746032 171.196 25.2
60.286984127 178.977 25.3
60.556190476 222.877 25.4
60.830476190 218.75 25.5
61.155555556 184.57 25.6
61.424761905 222.877 25.7
61.653333333 262.5 25.8
61.973333333 187.5 26.1
62.303492063 181.731 26.2
62.598095238 203.664 26.3
62.862222222 227.163 26.4
63.177142857 190.524 26.5
63.492063492 190.524 26.6
63.816213152 185.1 26.7
64.060952381 245.159 26.8
64.452063492 153.409 27.1
64.990476190 111.439 27.2
65.330793651 176.306 27.3
65.594920635 227.163 27.4
65.889523810 203.664 27.5
66.240000000 171.196 27.6
66.509206349 222.877 27.7
66.773333333 227.163 27.8
67.098412698 184.57 28.1
67.474285714 159.628 28.2
67.748571429 218.75 28.3
67.992380952 246.094 28.4
68.307301587 190.524 28.5
68.657777778 171.196 28.6
68.906666667 241.071 28.7
69.175873016 222.877 28.8
69.485714286 193.648 29.1
69.826031746 176.306 29.2
70.100317460 218.75 29.3
70.369523810 222.877 29.4
70.659047619 207.237 29.5
70.968888889 193.648 29.6
71.222857143 236.25 29.7
71.507301587 210.938 29.8
71.796825397 207.237 30.1
72.106666667 193.648 30.2
72.340317460 256.793 30.3
72.604444444 227.163 30.4
72.919365079 190.524 30.5
73.274920635 168.75 30.6
73.574603175 200.212 30.7
73.853968254 214.773 30.8
74.240000000 155.428 31.1
74.702222222 129.808 31.2
75.041768707 176.706 31.3
75.296507937 235.535 31.4
75.555555556 231.618 31.5
75.804444444 241.071 31.6
76.073650794 222.877 31.7
76.337777778 227.163 31.8
76.690476190 170.117 32.1
76.972698413 212.598 32.2
77.241904762 222.877 32.3
77.460317460 274.709 32.4
77.795555556 178.977 32.5
78.120634921 184.57 32.6
78.389841270 222.877 32.7
78.659047619 222.877 32.8
79.004444444 173.713 33.1
79.385396825 157.5 33.2
79.852698413 128.397 33.3
80.147301587 203.664 33.4
80.447959184 199.563 33.5
80.695873016 242.02 33.6
80.954920635 231.618 33.7
81.224126984 222.877 33.8
81.570589569 173.179 34.1
81.879365079 194.316 34.2
82.163809524 210.938 34.3
82.402539683 251.33 34.4
82.701065760 200.987 34.5
83.042539683 175.709 34.6
83.306666667 227.163 34.7
83.550476190 246.094 34.8
83.916190476 164.063 35.1
84.292063492 159.628 35.2
84.551111111 231.618 35.3
84.784761905 256.793 35.4
85.079365079 203.664 35.5
85.399365079 187.5 35.6
85.678730159 214.773 35.7
85.947936508 222.877 35.8
86.227301587 214.773 36.1
86.582857143 168.75 36.2
86.852063492 222.877 36.3
87.106031746 236.25 36.4
87.415873016 193.648 36.5
87.791746032 159.628 36.6
88.030476190 251.33 36.7
88.299682540 222.877 36.8
88.619682540 187.5 37.1
88.990476190 161.815 37.2
89.269841270 214.773 37.3
89.508571429 251.33 37.4
89.782857143 218.75 37.5
90.057142857 218.75 37.6
90.311111111 236.25 37.7
90.590476190 214.773 37.8
90.905396825 190.524 38.1
91.271111111 164.063 38.2
91.560634921 207.237 38.3
91.799365079 251.33 38.4
92.078730159 214.773 38.5
92.378412698 200.212 38.6
92.652698413 218.75 38.7
92.926984127 218.75 38.8
93.363809524 137.355 39.1
93.795555556 138.971 39.2
94.090158730 203.664 39.3
94.359365079 222.877 39.4
94.648888889 207.237 39.5
94.953650794 196.875 39.6
95.207619048 236.25 39.7
95.481904762 218.75 39.8
95.781587302 200.212 40.1
96.106666667 184.57 40.2
96.406349206 200.212 40.3
96.650158730 246.094 40.4
96.904126984 236.25 40.5
97.137777778 256.793 40.6
97.406984127 222.877 40.7
97.686349206 214.773 40.8
97.945396825 231.618 41.1
98.326349206 157.5 41.2
98.678480726 170.391 41.3
98.920634921 247.776 41.4
99.207369615 209.253 41.5
99.433650794 265.157 41.6
99.672380952 251.33 41.7
99.906031746 256.793 41.8
100.220952381 190.524 42.1
100.510476190 207.237 42.2
100.841065760 181.494 42.3
101.104761905 227.535 42.4
101.370249433 225.999 42.5
101.602539683 258.298 42.6
101.871746032 222.877 42.7
102.125714286 236.25 42.8
102.440634921 190.524 43.1
102.674285714 256.793 43.2
103.057981859 156.374 43.3
103.360000000 198.664 43.4
103.593650794 256.793 43.5
103.827301587 256.793 43.6
104.096507937 222.877 43.7
104.360634921 227.163 43.8
104.690793651 181.731 44.1
105.066666667 159.628 44.2
105.326916100 230.548 44.3
105.579682540 237.373 44.4
105.885056689 196.48 44.5
106.168888889 211.393 44.6
106.434716553 225.71 44.7
106.854603175 142.896 44.8
107.504761905 92.2852 45.1
108.109206349 99.2647 45.2
108.485600907 159.407 45.3
108.739047619 236.736 45.4
109.043809524 196.875 45.5
109.353650794 193.648 45.6
109.653333333 200.212 45.7
109.866666667 281.25 45.8
110.201904762 178.977 46.1
110.557460317 168.75 46.2
110.857142857 200.212 46.3
111.090793651 256.793 46.4
111.431723356 175.989 46.5
111.766349206 179.305 46.6
112.050793651 210.938 46.7
112.284444444 256.793 46.8
112.589206349 196.875 47.1
112.985396825 151.442 47.2
113.266349206 213.559 47.3
113.533968254 224.199 47.4
113.802086168 223.782 47.5
114.143492063 175.744 47.6
114.417777778 218.75 47.7
114.722539683 196.875 47.8
115.081655329 167.077 48.1
115.428571429 172.952 48.2
115.743492063 190.524 48.3
116.022857143 214.773 48.4
116.342857143 187.5 48.5
116.673015873 181.731 48.6
116.998594104 184.288 48.7
117.385578231 155.045 48.8
118.138775510 79.6604 49.1
118.980498866 71.2823 49.2
120.032653061 57.0259 49.3
120.830839002 75.1705 49.4
121.570975057 81.0662 49.5
122.260317460 87.0395 49.6
122.920634921 90.8654 49.7
123.154285714 256.793 49.8
123.398095238 246.094 50.1
123.711564626 191.406 50.2
124.059863946 172.266 50.3
124.611337868 108.799 50.4
124.981995465 161.874 50.5
125.206349206 267.435 50.6
125.424036281 275.625 50.7
125.654058957 260.844 50.8
125.910929705 233.581 51.1
126.080725624 353.365 51.2
126.415963719 178.977 51.3
126.629501134 280.981 51.4
126.860770975 259.437 51.5
127.049433107 318.029 51.6
127.212698413 367.5 51.7
127.596077098 156.503 51.8
127.978231293 157.005 52.1
128.587029478 98.5548 52.2
128.891791383 196.875 52.3
129.172108844 214.043 52.4
129.443990930 220.684 52.5
129.780680272 178.206 52.6
130.020136054 250.568 52.7
130.343038549 185.815 52.8
130.641269841 201.186 53.1
130.941678005 199.728 53.2
131.250068027 194.559 53.3
131.540317460 206.719 53.4
131.809523810 222.877 53.5
132.164353741 169.095 53.6
132.461859410 201.677 53.7
132.737596372 217.599 53.8
133.006802721 222.877 54.1
133.412426304 147.92 54.2
133.680907029 223.48 54.3
133.952539683 220.887 54.4
134.262131519 193.804 54.5
134.616961451 169.095 54.6
134.860045351 246.828 54.7
135.154648526 203.664 54.8
135.517460317 165.375 55.1
135.817868481 199.728 55.2
136.057324263 250.568 55.3
136.322902494 225.922 55.4
136.642176871 187.926 55.5
137.047800454 147.92 55.6
137.330793651 212.019 55.7
137.592743764 229.051 55.8
138.013605442 142.565 56.1
139.031088435 58.969 56.2
139.305215420 218.877 56.3
139.595464853 206.719 56.4
139.792834467 303.998 56.5
139.969591837 339.448 56.6
140.145487528 341.111 56.7
140.450702948 196.582 56.8
140.734693878 211.274 57.1
141.206349206 127.212 57.2
141.366712018 374.152 57.3
141.588390023 270.663 57.4
141.804263039 277.941 57.5
141.954467120 399.457 57.6
142.137324263 328.125 57.7
142.378956916 248.311 57.8
142.698956916 187.5 58.1
142.910702948 283.358 58.2
143.110385488 300.477 58.3
143.362698413 237.8 58.4
143.554467120 312.877 58.5
143.789569161 255.208 58.6
143.998548753 287.109 58.7
144.268480726 222.278 58.8
144.747392290 125.284 59.1
145.451247166 85.2448 59.2
146.271201814 73.1748 59.3
146.917006803 92.9073 59.4
147.112925170 306.25 59.5
147.257324263 415.515 59.6
147.498956916 248.311 59.7
147.851609977 170.139 59.8
148.121541950 222.278 60.1
148.810884354 87.0395 60.2
149.562131519 79.8672 60.3
149.848526077 209.501 60.4
150.407256236 107.386 60.5
150.973242630 106.01 60.6
151.669841270 86.1328 60.7
152.076190476 147.656 60.8
152.780045351 85.2448 61.1
153.483900227 85.2448 61.2
154.492517007 59.4874 61.3
155.174603175 87.9654 61.4
155.769614512 100.838 61.5
156.676643991 66.15 61.6
157.808616780 53.0048 61.7
158.679365079 68.9063 61.8
160.195918367 39.5634 62.1
160.783673469 102.083 62.2
161.197278912 145.066 62.3
161.523809524 183.75 62.4
161.843083900 187.926 62.5
162.111564626 223.48 62.6
162.452607710 175.931 62.7
162.742857143 206.719 62.8
163.149206349 147.656 63.1
163.662358277 116.924 63.2
163.916916100 235.703 63.3
164.178140590 229.688 63.4
164.465487528 208.807 63.5
164.702040816 253.643 63.6
164.999546485 201.677 63.7
165.304308390 196.875 63.8
165.688888889 156.014 64.1
166.254875283 106.01 64.2
166.574875283 187.5 64.3
166.849160998 218.75 64.4
167.090793651 248.311 64.5
167.371609977 213.663 64.6
167.672018141 199.728 64.7
167.938321995 225.307 64.8
168.257596372 187.926 65.1
168.632018141 160.247 65.2
168.886712018 235.577 65.3
169.141405896 235.577 65.4
169.422222222 213.663 65.5
169.658049887 254.423 65.6
169.984580499 183.75 65.7
170.325623583 175.931 65.8
170.739229025 145.066 66.1
171.160090703 142.565 66.2
171.498956916 177.061 66.3
171.734058957 255.208 66.4
171.995283447 229.688 66.5
172.243446712 241.776 66.6
172.498140590 235.577 66.7
172.778231293 214.216 66.8
173.082993197 196.875 67.1
173.445804989 165.375 67.2
173.732426304 209.335 67.3
173.974058957 248.311 67.4
174.241814059 224.085 67.5
174.509569161 224.085 67.6
174.777324263 224.085 67.7
175.049433107 220.5 67.8
175.412244898 165.375 68.1
175.891156463 125.284 68.2
176.240181406 171.907 68.3
176.488344671 241.776 68.4
176.749569161 229.688 68.5
176.971609977 270.221 68.6
177.232834467 229.688 68.7
177.487528345 235.577 68.8
177.821315193 179.755 69.1
178.218956916 150.89 69.2
178.467120181 241.776 69.3
178.708752834 248.311 69.4
178.976507937 224.085 69.5
179.270385488 204.167 69.6
179.548299320 215.894 69.7
179.947392290 150.341 69.8
180.433560091 123.414 70.1
180.977777778 110.25 70.2
181.384126984 147.656 70.3
181.688888889 196.875 70.4
181.877551020 318.029 70.5
182.065487528 319.257 70.6
182.326712018 229.688 70.7
182.496507937 353.365 70.8
182.723265306 264.6 71.1
182.945306122 270.221 71.2
183.118367347 346.698 71.3
183.307029478 318.029 71.4
183.549387755 247.567 71.5
183.728979592 334.091 71.6
183.921632653 311.441 71.7
184.155283447 256.793 71.8
184.429569161 218.75 72.1
184.693469388 227.359 72.2
184.945487528 238.078 72.3
185.168979592 268.466 72.4
185.358367347 316.81 72.5
185.567346939 287.109 72.6
185.766530612 301.23 72.7
185.968979592 296.371 72.8
186.158367347 316.81 73.1
186.364081633 291.667 73.2
186.542585034 336.128 73.3
186.772244898 261.256 73.4
186.965260771 310.855 73.5
187.217369615 237.992 73.6
187.494965986 216.141 73.7
187.799365079 197.11 73.8
188.058775510 231.294 74.1
188.489795918 139.205 74.2
188.773877551 211.207 74.3
189.024217687 239.674 74.4
189.293061224 223.178 74.5
189.492244898 301.23 74.6
189.760000000 224.085 74.7
189.991111111 259.615 74.8
190.272653061 213.112 75.1
190.586122449 191.406 75.2
190.808163265 270.221 75.3
191.017868481 286.116 75.4
191.242811791 266.734 75.5
191.531247166 208.019 75.6
191.821496599 206.719 75.7
192.065306122 246.094 75.8
192.476734694 145.833 76.1
193.028208617 108.799 76.2
193.280725624 237.608 76.3
193.537959184 233.251 76.4
193.923265306 155.72 76.5
194.364081633 136.111 76.6
194.566530612 296.371 76.7
194.804897959 251.712 76.8
195.040000000 255.208 77.1
195.428571429 154.412 77.2
195.591836735 367.5 77.3
195.872653061 213.663 77.4
196.045714286 346.698 77.5
196.306938776 229.688 77.6
196.515918367 287.109 77.7
196.855510204 176.683 77.8
197.260408163 148.185 78.1
197.773786848 116.873 78.2
198.037551020 227.476 78.3
198.308571429 221.386 78.4
198.566530612 232.595 78.5
198.798367347 258.803 78.6
199.026938776 262.5 78.7
199.275827664 241.071 78.8
199.542857143 224.694 79.1
199.865034014 186.233 79.2
200.098684807 256.793 79.3
200.346848073 241.776 79.4
200.599365079 237.608 79.5
200.873650794 218.75 79.6
201.147936508 218.75 79.7
201.433469388 210.133 79.8
201.871020408 137.127 80.1
202.821224490 63.1443 80.2
203.787755102 62.0777 80.3
204.770249433 61.0691 80.4
205.031473923 229.688 80.5
205.289795918 232.268 80.6
205.485714286 306.25 80.7
205.681632653 306.25 80.8
205.897142857 278.409 81.1
206.137324263 249.811 81.2
206.393469388 234.242 81.3
206.817959184 141.346 81.4
207.229387755 145.833 81.5
208.091428571 69.6023 81.6
209.162448980 56.0213 81.7
210.331428571 51.3268 81.8
211.838548753 39.811 82.1
212.411791383 104.668 82.2
212.792743764 157.5 82.3
213.115646259 185.815 82.4
213.409523810 204.167 82.5
213.692517007 212.019 82.6
213.971882086 214.773 82.7
214.262131519 206.719 82.8
214.603174603 175.931 83.1
214.944217687 175.931 83.2
215.210612245 225.23 83.3
215.492063492 213.181 83.4
215.780385488 208.101 83.5
216.145124717 164.501 83.6
216.424489796 214.773 83.7
216.667573696 246.828 83.8
217.003219955 178.76 84.1
217.356916100 169.637 84.2
217.636734694 214.425 84.3
217.886621315 240.109 84.4
218.198639456 192.297 84.5
218.561451247 165.375 84.6
218.851700680 206.719 84.7
219.102040816 239.674 84.8
219.427233560 184.506 85.1
219.758730159 180.997 85.2
220.036462585 216.035 85.3
220.299319728 228.261 85.4
220.614965986 190.086 85.5
220.970521542 168.75 85.6
221.253514739 212.019 85.7
221.525623583 220.5 85.8
221.844897959 187.926 86.1
222.211337868 163.738 86.2
222.501428571 206.832 86.3
222.748299320 243.042 86.4
223.038548753 206.719 86.5
223.354195011 190.086 86.6
223.666213152 192.297 86.7
223.941950113 217.599 86.8
224.273582766 180.923 87.1
224.598639456 184.583 87.2
224.872494331 219.094 87.3
225.142857143 221.924 87.4
225.435102041 205.307 87.5
225.748752834 191.296 87.6
225.998140590 240.589 87.7
226.387301587 154.178 87.8
227.144058957 79.2857 88.1
227.677619048 112.452 88.2
228.388571429 84.3938 88.3
229.276734694 67.5551 88.4
229.622857143 173.349 88.5
229.916734694 204.167 88.6
230.106122449 316.81 88.7
230.308571429 296.371 88.8
230.511020408 296.371 89.1
230.785306122 218.75 89.2
231.346938776 106.831 89.3
231.647346939 199.728 89.4
231.921632653 218.75 89.5
232.176326531 235.577 89.6
232.581224490 148.185 89.7
232.927346939 173.349 89.8
233.538526077 98.1709 90.1
234.442448980 66.3773 90.2
235.445056689 59.8439 90.3
236.127346939 87.9391 90.4
236.421224490 204.167 90.5
236.656326531 255.208 90.6
236.897959184 248.311 90.7
237.152653061 235.577 90.8
237.902222222 80.046 91.1
238.517551020 97.5088 91.2
239.203265306 87.5 91.3
239.804081633 99.8641 91.4
240.385306122 103.23 91.5
240.995555556 98.3204 91.6
241.789387755 75.5827 91.7
242.684081633 67.062 91.8