0.689909297 0.463107 1.1
1.153015873 0.362086 1.2
1.515102041 0.303311 1.3
1.818412698 0.299683 1.4
2.118095238 0.264127 1.5
2.382222222 0.289524 1.6
2.671746032 0.284444 1.7
2.956190476 0.330159 1.8
3.286349206 0.370794 2.1
3.657142857 0.284444 2.2
3.941587302 0.25424 2.3
4.195827664 0.303878 2.4
4.499705215 0.325692 2.5
4.825396825 0.319433 2.6
5.144829932 0.248685 2.7
5.393514739 0.315692 2.8
5.709206349 0.365714 3.1
6.074920635 0.264127 3.2
6.339047619 0.279365 3.3
6.618412698 0.309841 3.4
6.928253968 0.340317 3.5
7.268571429 0.294603 3.6
7.563174603 0.279365 3.7
7.842539683 0.294603 3.8
8.137142857 0.32 4.1
8.457142857 0.274286 4.2
8.731428571 0.284444 4.3
9.015873016 0.32 4.4
9.335873016 0.314921 4.5
9.650793651 0.305125 4.6
9.955918367 0.279002 4.7
10.234920635 0.360635 4.8
10.595555556 0.330159 5.1
10.925714286 0.299683 5.2
11.225396825 0.253968 5.3
11.479365079 0.299683 5.4
11.779047619 0.32 5.5
12.099047619 0.304218 5.6
12.403265306 0.234195 5.7
12.637460317 0.309841 5.8
12.947301587 0.370794 6.1
13.318095238 0.284444 6.2
13.602539683 0.279365 6.3
13.881904762 0.314218 6.4
14.196122449 0.315624 6.5
14.511746032 0.279365 6.6
14.791111111 0.264127 6.7
15.055238095 0.391111 6.8
15.446349206 0.446984 7.1
15.893333333 0.279365 7.2
16.172698413 0.274286 7.3
16.446984127 0.286621 7.4
16.733605442 0.322903 7.5
17.056507937 0.253968 7.6
17.310476190 0.274286 7.7
17.584761905 0.299683 7.8
17.884444444 0.365714 8.1
18.250158730 0.274286 8.2
18.524444444 0.264127 8.3
18.788571429 0.2878 8.4
19.076371882 0.362358 8.5
19.438730159 0.294603 8.6
19.733333333 0.370794 8.7
20.104126984 0.47746 8.8
20.581587302 0.538413 9.1
21.120000000 0.386032 9.2
21.506031746 0.304762 9.3
21.810793651 0.279365 9.4
22.090158730 0.289524 9.5
22.379682540 0.248889 9.6
22.628571429 0.309841 9.7
22.938412698 0.330159 9.8
23.268571429 0.335238 10.1
23.603809524 0.286258 10.2
23.890068027 0.262313 10.3
24.152380952 0.305238 10.4
24.457619048 0.334762 10.5
24.792380952 0.264127 10.6
25.056507937 0.248889 10.7
25.305396825 0.381746 10.8
25.687142857 0.303968 11.1
25.991111111 0.253968 11.2
26.245079365 0.253968 11.3
26.499047619 0.304762 11.4
26.803809524 0.340317 11.5
27.144126984 0.259048 11.6
27.403174603 0.294603 11.7
27.697777778 0.289524 11.8
27.987301587 0.330159 12.1
28.317460317 0.264127 12.2
28.581587302 0.269206 12.3
28.850793651 0.301678 12.4
29.152471655 0.312925 12.5
29.465396825 0.304762 12.6
29.770158730 0.233651 12.7
30.003809524 0.344104 12.8
30.347913832 0.402562 13.1
30.750476190 0.299683 13.2
31.050158730 0.299683 13.3
31.349841270 0.23873 13.4
31.588571429 0.279365 13.5
31.867936508 0.248889 13.6
32.116825397 0.279365 13.7
32.396190476 0.333673 13.8
32.729863946 0.377438 14.1
33.107301587 0.304762 14.2
33.412063492 0.259048 14.3
33.671111111 0.304762 14.4
33.975873016 0.355556 14.5
34.331428571 0.264127 14.6
34.595555556 0.294603 14.7
34.890158730 0.419592 14.8
35.309750567 0.494694 15.1
35.804444444 0.350476 15.2
36.154920635 0.279365 15.3
36.434285714 0.284444 15.4
36.718730159 0.289524 15.5
37.008253968 0.284444 15.6
37.292698413 0.233651 15.7
37.526349206 0.309841 15.8
37.836190476 0.335238 16.1
38.171428571 0.274286 16.2
38.445714286 0.264127 16.3
38.709841270 0.284444 16.4
38.994285714 0.360635 16.5
39.354920635 0.233651 16.6
39.588571429 0.279365 16.7
39.867936508 0.330159 16.8
40.198095238 0.431746 17.1
40.629841270 0.303991 17.2
40.933832200 0.239501 17.3
41.173333333 0.279365 17.4
41.452698413 0.264127 17.5
41.716825397 0.285488 17.6
42.002312925 0.252925 17.7
42.255238095 0.309841 17.8
42.565079365 0.40127 18.1
42.966349206 0.276599 18.2
43.242947846 0.266893 18.3
43.509841270 0.306168 18.4
43.816009070 0.318594 18.5
44.134603175 0.264127 18.6
44.398730159 0.309841 18.7
44.708571429 0.391111 18.8
45.099682540 0.472381 19.1
45.572063492 0.259048 19.2
45.831111111 0.284444 19.3
46.115555556 0.304762 19.4
46.420317460 0.314921 19.5
46.735238095 0.264127 19.6
46.999365079 0.294603 19.7
47.293968254 0.284444 19.8
47.578412698 0.335238 20.1
47.913650794 0.284444 20.2
48.198095238 0.289524 20.3
48.487619048 0.312676 20.4
48.800294785 0.307007 20.5
49.107301587 0.294603 20.6
49.401904762 0.228571 20.7
49.630476190 0.309841 20.8
49.940317460 0.380952 21.1
50.321269841 0.279365 21.2
50.600634921 0.24381 21.3
50.844444444 0.351995 21.4
51.196439909 0.303243 21.5
51.499682540 0.279365 21.6
51.779047619 0.248889 21.7
52.027936508 0.325079 21.8
52.353015873 0.330159 22.1
52.683174603 0.269206 22.2
52.952380952 0.233651 22.3
53.186031746 0.350227 22.4
53.536258503 0.360884 22.5
53.897142857 0.253968 22.6
54.151111111 0.233651 22.7
54.384761905 0.345397 22.8
54.730158730 0.309841 23.1
55.040000000 0.335215 23.2
55.375215420 0.25907 23.3
55.634285714 0.316939 23.4
55.951224490 0.328141 23.5
56.279365079 0.294603 23.6
56.573968254 0.24381 23.7
56.817777778 0.314921 23.8
57.132698413 0.314921 24.1
57.447619048 0.269206 24.2
57.716825397 0.269206 24.3
57.986031746 0.309841 24.4
58.295873016 0.411429 24.5
58.707301587 0.264127 24.6
58.971428571 0.259048 24.7
59.230476190 0.370794 24.8
59.601269841 0.350476 25.1
59.951746032 0.335238 25.2
60.286984127 0.269206 25.3
60.556190476 0.274286 25.4
60.830476190 0.325079 25.5
61.155555556 0.269206 25.6
61.424761905 0.228571 25.7
61.653333333 0.32 25.8
61.973333333 0.330159 26.1
62.303492063 0.294603 26.2
62.598095238 0.264127 26.3
62.862222222 0.314921 26.4
63.177142857 0.314921 26.5
63.492063492 0.32415 26.6
63.816213152 0.244739 26.7
64.060952381 0.391111 26.8
64.452063492 0.538413 27.1
64.990476190 0.340317 27.2
65.330793651 0.264127 27.3
65.594920635 0.294603 27.4
65.889523810 0.350476 27.5
66.240000000 0.269206 27.6
66.509206349 0.264127 27.7
66.773333333 0.325079 27.8
67.098412698 0.375873 28.1
67.474285714 0.274286 28.2
67.748571429 0.24381 28.3
67.992380952 0.314921 28.4
68.307301587 0.350476 28.5
68.657777778 0.248889 28.6
68.906666667 0.269206 28.7
69.175873016 0.309841 28.8
69.485714286 0.340317 29.1
69.826031746 0.274286 29.2
70.100317460 0.269206 29.3
70.369523810 0.289524 29.4
70.659047619 0.309841 29.5
70.968888889 0.253968 29.6
71.222857143 0.284444 29.7
71.507301587 0.289524 29.8
71.796825397 0.309841 30.1
72.106666667 0.233651 30.2
72.340317460 0.264127 30.3
72.604444444 0.314921 30.4
72.919365079 0.355556 30.5
73.274920635 0.299683 30.6
73.574603175 0.279365 30.7
73.853968254 0.386032 30.8
74.240000000 0.462222 31.1
74.702222222 0.339546 31.2
75.041768707 0.254739 31.3
75.296507937 0.259048 31.4
75.555555556 0.248889 31.5
75.804444444 0.269206 31.6
76.073650794 0.264127 31.7
76.337777778 0.352698 31.8
76.690476190 0.282222 32.1
76.972698413 0.269206 32.2
77.241904762 0.218413 32.3
77.460317460 0.335238 32.4
77.795555556 0.325079 32.5
78.120634921 0.269206 32.6
78.389841270 0.269206 32.7
78.659047619 0.345397 32.8
79.004444444 0.380952 33.1
79.385396825 0.467302 33.2
79.852698413 0.294603 33.3
80.147301587 0.300658 33.4
80.447959184 0.247914 33.5
80.695873016 0.259048 33.6
80.954920635 0.269206 33.7
81.224126984 0.346463 33.8
81.570589569 0.308776 34.1
81.879365079 0.284444 34.2
82.163809524 0.23873 34.3
82.402539683 0.298526 34.4
82.701065760 0.341474 34.5
83.042539683 0.264127 34.6
83.306666667 0.24381 34.7
83.550476190 0.365714 34.8
83.916190476 0.375873 35.1
84.292063492 0.259048 35.2
84.551111111 0.233651 35.3
84.784761905 0.294603 35.4
85.079365079 0.32 35.5
85.399365079 0.279365 35.6
85.678730159 0.269206 35.7
85.947936508 0.279365 35.8
86.227301587 0.355556 36.1
86.582857143 0.269206 36.2
86.852063492 0.253968 36.3
87.106031746 0.309841 36.4
87.415873016 0.375873 36.5
87.791746032 0.23873 36.6
88.030476190 0.269206 36.7
88.299682540 0.32 36.8
88.619682540 0.370794 37.1
88.990476190 0.279365 37.2
89.269841270 0.23873 37.3
89.508571429 0.274286 37.4
89.782857143 0.274286 37.5
90.057142857 0.253968 37.6
90.311111111 0.279365 37.7
90.590476190 0.314921 37.8
90.905396825 0.365714 38.1
91.271111111 0.289524 38.2
91.560634921 0.23873 38.3
91.799365079 0.279365 38.4
92.078730159 0.299683 38.5
92.378412698 0.274286 38.6
92.652698413 0.274286 38.7
92.926984127 0.436825 38.8
93.363809524 0.431746 39.1
93.795555556 0.294603 39.2
94.090158730 0.269206 39.3
94.359365079 0.289524 39.4
94.648888889 0.304762 39.5
94.953650794 0.253968 39.6
95.207619048 0.274286 39.7
95.481904762 0.299683 39.8
95.781587302 0.325079 40.1
96.106666667 0.299683 40.2
96.406349206 0.24381 40.3
96.650158730 0.253968 40.4
96.904126984 0.233651 40.5
97.137777778 0.269206 40.6
97.406984127 0.279365 40.7
97.686349206 0.259048 40.8
97.945396825 0.380952 41.1
98.326349206 0.352132 41.2
98.678480726 0.242154 41.3
98.920634921 0.286735 41.4
99.207369615 0.226281 41.5
99.433650794 0.23873 41.6
99.672380952 0.233651 41.7
99.906031746 0.314921 41.8
100.220952381 0.289524 42.1
100.510476190 0.33059 42.2
100.841065760 0.263696 42.3
101.104761905 0.265488 42.4
101.370249433 0.23229 42.5
101.602539683 0.269206 42.6
101.871746032 0.253968 42.7
102.125714286 0.314921 42.8
102.440634921 0.233651 43.1
102.674285714 0.383696 43.2
103.057981859 0.302018 43.3
103.360000000 0.233651 43.4
103.593650794 0.233651 43.5
103.827301587 0.269206 43.6
104.096507937 0.264127 43.7
104.360634921 0.330159 43.8
104.690793651 0.375873 44.1
105.066666667 0.260249 44.2
105.326916100 0.252766 44.3
105.579682540 0.305374 44.4
105.885056689 0.283832 44.5
106.168888889 0.265828 44.6
106.434716553 0.419887 44.7
106.854603175 0.650159 44.8
107.504761905 0.604444 45.1
108.109206349 0.376395 45.2
108.485600907 0.253447 45.3
108.739047619 0.304762 45.4
109.043809524 0.309841 45.5
109.353650794 0.299683 45.6
109.653333333 0.213333 45.7
109.866666667 0.335238 45.8
110.201904762 0.355556 46.1
110.557460317 0.299683 46.2
110.857142857 0.233651 46.3
111.090793651 0.34093 46.4
111.431723356 0.334626 46.5
111.766349206 0.284444 46.6
112.050793651 0.233651 46.7
112.284444444 0.304762 46.8
112.589206349 0.39619 47.1
112.985396825 0.280952 47.2
113.266349206 0.267619 47.3
113.533968254 0.268118 47.4
113.802086168 0.341406 47.5
114.143492063 0.274286 47.6
114.417777778 0.304762 47.7
114.722539683 0.359116 47.8
115.081655329 0.346916 48.1
115.428571429 0.314921 48.2
115.743492063 0.279365 48.3
116.022857143 0.32 48.4
116.342857143 0.330159 48.5
116.673015873 0.325578 48.6
116.998594104 0.386984 48.7
117.385578231 0.753197 48.8
118.138775510 0.841723 49.1
118.980498866 1.05215 49.2
120.032653061 0.798186 49.3
120.830839002 0.740136 49.4
121.570975057 0.689342 49.5
122.260317460 0.660317 49.6
122.920634921 0.233651 49.7
123.154285714 0.24381 49.8
123.398095238 0.313469 50.1
123.711564626 0.348299 50.2
124.059863946 0.551474 50.3
124.611337868 0.370658 50.4
124.981995465 0.224354 50.5
125.206349206 0.217687 50.6
125.424036281 0.230023 50.7
125.654058957 0.256871 50.8
125.910929705 0.169796 51.1
126.080725624 0.335238 51.2
126.415963719 0.213537 51.3
126.629501134 0.23127 51.4
126.860770975 0.188662 51.5
127.049433107 0.163265 51.6
127.212698413 0.383379 51.7
127.596077098 0.382154 51.8
127.978231293 0.608798 52.1
128.587029478 0.304762 52.2
128.891791383 0.280317 52.3
129.172108844 0.271882 52.4
129.443990930 0.336689 52.5
129.780680272 0.239456 52.6
130.020136054 0.322903 52.7
130.343038549 0.298231 52.8
130.641269841 0.300408 53.1
130.941678005 0.30839 53.2
131.250068027 0.290249 53.3
131.540317460 0.269206 53.4
131.809523810 0.35483 53.5
132.164353741 0.297506 53.6
132.461859410 0.275737 53.7
132.737596372 0.269206 53.8
133.006802721 0.405624 54.1
133.412426304 0.268481 54.2
133.680907029 0.271633 54.3
133.952539683 0.309592 54.4
134.262131519 0.35483 54.5
134.616961451 0.243084 54.6
134.860045351 0.294603 54.7
135.154648526 0.362812 54.8
135.517460317 0.300408 55.1
135.817868481 0.239456 55.2
136.057324263 0.265578 55.3
136.322902494 0.319274 55.4
136.642176871 0.405624 55.5
137.047800454 0.282993 55.6
137.330793651 0.26195 55.7
137.592743764 0.420862 55.8
138.013605442 1.01748 56.1
139.031088435 0.274127 56.2
139.305215420 0.290249 56.3
139.595464853 0.19737 56.4
139.792834467 0.176757 56.5
139.969591837 0.175896 56.6
140.145487528 0.305215 56.7
140.450702948 0.283991 56.8
140.734693878 0.471655 57.1
141.206349206 0.160363 57.2
141.366712018 0.221678 57.3
141.588390023 0.215873 57.4
141.804263039 0.150204 57.5
141.954467120 0.182857 57.6
142.137324263 0.241633 57.7
142.378956916 0.32 57.8
142.698956916 0.211746 58.1
142.910702948 0.199683 58.2
143.110385488 0.252313 58.3
143.362698413 0.191769 58.4
143.554467120 0.235102 58.5
143.789569161 0.20898 58.6
143.998548753 0.269932 58.7
144.268480726 0.478912 58.8
144.747392290 0.703855 59.1
145.451247166 0.819955 59.2
146.271201814 0.645805 59.3
146.917006803 0.195918 59.4
147.112925170 0.144399 59.5
147.257324263 0.241633 59.6
147.498956916 0.352653 59.7
147.851609977 0.269932 59.8
148.121541950 0.689342 60.1
148.810884354 0.751247 60.2
149.562131519 0.286395 60.3
149.848526077 0.55873 60.4
150.407256236 0.565986 60.5
150.973242630 0.696599 60.6
151.669841270 0.406349 60.7
152.076190476 0.703855 60.8
152.780045351 0.703855 61.1
153.483900227 1.00862 61.2
154.492517007 0.682086 61.3
155.174603175 0.595011 61.4
155.769614512 0.907029 61.5
156.676643991 1.13197 61.6
157.808616780 0.870748 61.7
158.679365079 1.51655 61.8
160.195918367 0.587755 62.1
160.783673469 0.413605 62.2
161.197278912 0.326531 62.3
161.523809524 0.319274 62.4
161.843083900 0.268481 62.5
162.111564626 0.341043 62.6
162.452607710 0.290249 62.7
162.742857143 0.406349 62.8
163.149206349 0.513152 63.1
163.662358277 0.254558 63.2
163.916916100 0.261224 63.3
164.178140590 0.287347 63.4
164.465487528 0.236553 63.5
164.702040816 0.297506 63.6
164.999546485 0.304762 63.7
165.304308390 0.38458 63.8
165.688888889 0.565986 64.1
166.254875283 0.32 64.2
166.574875283 0.274286 64.3
166.849160998 0.241633 64.4
167.090793651 0.280816 64.5
167.371609977 0.300408 64.6
167.672018141 0.266304 64.7
167.938321995 0.319274 64.8
168.257596372 0.374422 65.1
168.632018141 0.254694 65.2
168.886712018 0.254694 65.3
169.141405896 0.280816 65.4
169.422222222 0.235828 65.5
169.658049887 0.326531 65.6
169.984580499 0.341043 65.7
170.325623583 0.413605 65.8
170.739229025 0.420862 66.1
171.160090703 0.338866 66.2
171.498956916 0.235102 66.3
171.734058957 0.261224 66.4
171.995283447 0.248163 66.5
172.243446712 0.254694 66.6
172.498140590 0.280091 66.7
172.778231293 0.304762 66.8
173.082993197 0.362812 67.1
173.445804989 0.286621 67.2
173.732426304 0.241633 67.3
173.974058957 0.267755 67.4
174.241814059 0.267755 67.5
174.509569161 0.267755 67.6
174.777324263 0.272109 67.7
175.049433107 0.362812 67.8
175.412244898 0.478912 68.1
175.891156463 0.349025 68.2
176.240181406 0.248163 68.3
176.488344671 0.261224 68.4
176.749569161 0.222041 68.5
176.971609977 0.261224 68.6
177.232834467 0.254694 68.7
177.487528345 0.333787 68.8
177.821315193 0.397642 69.1
178.218956916 0.248163 69.2
178.467120181 0.241633 69.3
178.708752834 0.267755 69.4
178.976507937 0.293878 69.5
179.270385488 0.277914 69.6
179.548299320 0.399093 69.7
179.947392290 0.486168 69.8
180.433560091 0.544218 70.1
180.977777778 0.406349 70.2
181.384126984 0.304762 70.3
181.688888889 0.188662 70.4
181.877551020 0.187937 70.5
182.065487528 0.261224 70.6
182.326712018 0.169796 70.7
182.496507937 0.226757 70.8
182.723265306 0.222041 71.1
182.945306122 0.173061 71.2
183.118367347 0.188662 71.3
183.307029478 0.242358 71.4
183.549387755 0.179592 71.5
183.728979592 0.192653 71.6
183.921632653 0.233651 71.7
184.155283447 0.274286 71.8
184.429569161 0.2639 72.1
184.693469388 0.252018 72.2
184.945487528 0.223492 72.3
185.168979592 0.189388 72.4
185.358367347 0.20898 72.5
185.567346939 0.199184 72.6
185.766530612 0.202449 72.7
185.968979592 0.189388 72.8
186.158367347 0.205714 73.1
186.364081633 0.178503 73.2
186.542585034 0.22966 73.3
186.772244898 0.193016 73.4
186.965260771 0.252109 73.5
187.217369615 0.277596 73.6
187.494965986 0.304399 73.7
187.799365079 0.25941 73.8
188.058775510 0.43102 74.1
188.489795918 0.284082 74.2
188.773877551 0.25034 74.3
189.024217687 0.268844 74.4
189.293061224 0.199184 74.5
189.492244898 0.267755 74.6
189.760000000 0.231111 74.7
189.991111111 0.281542 74.8
190.272653061 0.313469 75.1
190.586122449 0.222041 75.2
190.808163265 0.209705 75.3
191.017868481 0.224943 75.4
191.242811791 0.288435 75.5
191.531247166 0.290249 75.6
191.821496599 0.24381 75.7
192.065306122 0.411429 75.8
192.476734694 0.551474 76.1
193.028208617 0.252517 76.2
193.280725624 0.257234 76.3
193.537959184 0.385306 76.4
193.923265306 0.440816 76.5
194.364081633 0.202449 76.6
194.566530612 0.238367 76.7
194.804897959 0.235102 76.8
195.040000000 0.388571 77.1
195.428571429 0.163265 77.2
195.591836735 0.280816 77.3
195.872653061 0.173061 77.4
196.045714286 0.261224 77.5
196.306938776 0.20898 77.6
196.515918367 0.339592 77.7
196.855510204 0.404898 77.8
197.260408163 0.513379 78.1
197.773786848 0.263764 78.2
198.037551020 0.27102 78.3
198.308571429 0.257959 78.4
198.566530612 0.231837 78.5
198.798367347 0.228571 78.6
199.026938776 0.248889 78.7
199.275827664 0.267029 78.8
199.542857143 0.322177 79.1
199.865034014 0.233651 79.2
200.098684807 0.248163 79.3
200.346848073 0.252517 79.4
200.599365079 0.274286 79.5
200.873650794 0.274286 79.6
201.147936508 0.285533 79.7
201.433469388 0.437551 79.8
201.871020408 0.950204 80.1
202.821224490 0.966531 80.2
203.787755102 0.982494 80.3
204.770249433 0.261224 80.4
205.031473923 0.258322 80.5
205.289795918 0.195918 80.6
205.485714286 0.195918 80.7
205.681632653 0.21551 80.8
205.897142857 0.240181 81.1
206.137324263 0.256145 81.2
206.393469388 0.42449 81.3
206.817959184 0.411429 81.4
207.229387755 0.862041 81.5
208.091428571 1.07102 81.6
209.162448980 1.16898 81.7
210.331428571 1.50712 81.8
211.838548753 0.573243 82.1
212.411791383 0.380952 82.2
212.792743764 0.322903 82.3
213.115646259 0.293878 82.4
213.409523810 0.282993 82.5
213.692517007 0.279365 82.6
213.971882086 0.290249 82.7
214.262131519 0.341043 82.8
214.603174603 0.341043 83.1
214.944217687 0.266395 83.2
215.210612245 0.281451 83.3
215.492063492 0.288322 83.4
215.780385488 0.364739 83.5
216.145124717 0.279365 83.6
216.424489796 0.243084 83.7
216.667573696 0.335646 83.8
217.003219955 0.353696 84.1
217.356916100 0.279819 84.2
217.636734694 0.249887 84.3
217.886621315 0.312018 84.4
218.198639456 0.362812 84.5
218.561451247 0.290249 84.6
218.851700680 0.25034 84.7
219.102040816 0.325193 84.8
219.427233560 0.331497 85.1
219.758730159 0.277732 85.2
220.036462585 0.262857 85.3
220.299319728 0.315646 85.4
220.614965986 0.355556 85.5
220.970521542 0.282993 85.6
221.253514739 0.272109 85.7
221.525623583 0.319274 85.8
221.844897959 0.36644 86.1
222.211337868 0.290091 86.2
222.501428571 0.246871 86.3
222.748299320 0.290249 86.4
223.038548753 0.315646 86.5
223.354195011 0.312018 86.6
223.666213152 0.275737 86.7
223.941950113 0.331633 86.8
224.273582766 0.325057 87.1
224.598639456 0.273855 87.2
224.872494331 0.270363 87.3
225.142857143 0.292245 87.4
225.435102041 0.313651 87.5
225.748752834 0.249388 87.6
225.998140590 0.389161 87.7
226.387301587 0.756757 87.8
227.144058957 0.53356 88.1
227.677619048 0.710952 88.2
228.388571429 0.888163 88.3
229.276734694 0.346122 88.4
229.622857143 0.293878 88.5
229.916734694 0.189388 88.6
230.106122449 0.202449 88.7
230.308571429 0.202449 88.8
230.511020408 0.274286 89.1
230.785306122 0.561633 89.2
231.346938776 0.300408 89.3
231.647346939 0.274286 89.4
231.921632653 0.254694 89.5
232.176326531 0.404898 89.6
232.581224490 0.346122 89.7
232.927346939 0.611179 89.8
233.538526077 0.903923 90.1
234.442448980 1.00261 90.2
235.445056689 0.68229 90.3
236.127346939 0.293878 90.4
236.421224490 0.235102 90.5
236.656326531 0.241633 90.6
236.897959184 0.254694 90.7
237.152653061 0.749569 90.8
237.902222222 0.615329 91.1
238.517551020 0.685714 91.2
239.203265306 0.600816 91.3
239.386122449 0.459473 "New Point"
239.804081633 0.581225 91.4
240.385306122 0.610249 91.5
240.995555556 0.793832 91.6
241.789387755 0.894694 91.7
242.684081633 91.8