0.689909297 1.1
1.153015873 1.2
1.515102041 1.3
1.818412698 1.4
2.118095238 1.5
2.382222222 1.6
2.671746032 1.7
2.956190476 1.8
3.286349206 2.1
3.657142857 2.2
3.941587302 2.3
4.195827664 2.4
4.499705215 2.5
4.825396825 2.6
5.144829932 2.7
5.393514739 2.8
5.709206349 3.1
6.074920635 3.2
6.339047619 3.3
6.618412698 3.4
6.928253968 3.5
7.268571429 3.6
7.563174603 3.7
7.842539683 3.8
8.137142857 4.1
8.457142857 4.2
8.731428571 4.3
9.015873016 4.4
9.335873016 4.5
9.650793651 4.6
9.955918367 4.7
10.234920635 4.8
10.595555556 5.1
10.925714286 5.2
11.225396825 5.3
11.479365079 5.4
11.779047619 5.5
12.099047619 5.6
12.403265306 5.7
12.637460317 5.8
12.947301587 6.1
13.318095238 6.2
13.602539683 6.3
13.881904762 6.4
14.196122449 6.5
14.511746032 6.6
14.791111111 6.7
15.055238095 6.8
15.446349206 7.1
15.893333333 7.2
16.172698413 7.3
16.446984127 7.4
16.733605442 7.5
17.056507937 7.6
17.310476190 7.7
17.584761905 7.8
17.884444444 8.1
18.250158730 8.2
18.524444444 8.3
18.788571429 8.4
19.076371882 8.5
19.438730159 8.6
19.733333333 8.7
20.104126984 8.8
20.581587302 9.1
21.120000000 9.2
21.506031746 9.3
21.810793651 9.4
22.090158730 9.5
22.379682540 9.6
22.628571429 9.7
22.938412698 9.8
23.268571429 10.1
23.603809524 10.2
23.890068027 10.3
24.152380952 10.4
24.457619048 10.5
24.792380952 10.6
25.056507937 10.7
25.305396825 10.8
25.687142857 11.1
25.991111111 11.2
26.245079365 11.3
26.499047619 11.4
26.803809524 11.5
27.144126984 11.6
27.403174603 11.7
27.697777778 11.8
27.987301587 12.1
28.317460317 12.2
28.581587302 12.3
28.850793651 12.4
29.152471655 12.5
29.465396825 12.6
29.770158730 12.7
30.003809524 12.8
30.347913832 13.1
30.750476190 13.2
31.050158730 13.3
31.349841270 13.4
31.588571429 13.5
31.867936508 13.6
32.116825397 13.7
32.396190476 13.8
32.729863946 14.1
33.107301587 14.2
33.412063492 14.3
33.671111111 14.4
33.975873016 14.5
34.331428571 14.6
34.595555556 14.7
34.890158730 14.8
35.309750567 15.1
35.804444444 15.2
36.154920635 15.3
36.434285714 15.4
36.718730159 15.5
37.008253968 15.6
37.292698413 15.7
37.526349206 15.8
37.836190476 16.1
38.171428571 16.2
38.445714286 16.3
38.709841270 16.4
38.994285714 16.5
39.354920635 16.6
39.588571429 16.7
39.867936508 16.8
40.198095238 17.1
40.629841270 17.2
40.933832200 17.3
41.173333333 17.4
41.452698413 17.5
41.716825397 17.6
42.002312925 17.7
42.255238095 17.8
42.565079365 18.1
42.966349206 18.2
43.242947846 18.3
43.509841270 18.4
43.816009070 18.5
44.134603175 18.6
44.398730159 18.7
44.708571429 18.8
45.099682540 19.1
45.572063492 19.2
45.831111111 19.3
46.115555556 19.4
46.420317460 19.5
46.735238095 19.6
46.999365079 19.7
47.293968254 19.8
47.578412698 20.1
47.913650794 20.2
48.198095238 20.3
48.487619048 20.4
48.800294785 20.5
49.107301587 20.6
49.401904762 20.7
49.630476190 20.8
49.940317460 21.1
50.321269841 21.2
50.600634921 21.3
50.844444444 21.4
51.196439909 21.5
51.499682540 21.6
51.779047619 21.7
52.027936508 21.8
52.353015873 22.1
52.683174603 22.2
52.952380952 22.3
53.186031746 22.4
53.536258503 22.5
53.897142857 22.6
54.151111111 22.7
54.384761905 22.8
54.730158730 23.1
55.040000000 23.2
55.375215420 23.3
55.634285714 23.4
55.951224490 23.5
56.279365079 23.6
56.573968254 23.7
56.817777778 23.8
57.132698413 24.1
57.447619048 24.2
57.716825397 24.3
57.986031746 24.4
58.295873016 24.5
58.707301587 24.6
58.971428571 24.7
59.230476190 24.8
59.601269841 25.1
59.951746032 25.2
60.286984127 25.3
60.556190476 25.4
60.830476190 25.5
61.155555556 25.6
61.424761905 25.7
61.653333333 25.8
61.973333333 26.1
62.303492063 26.2
62.598095238 26.3
62.862222222 26.4
63.177142857 26.5
63.492063492 26.6
63.816213152 26.7
64.060952381 26.8
64.452063492 27.1
64.990476190 27.2
65.330793651 27.3
65.594920635 27.4
65.889523810 27.5
66.240000000 27.6
66.509206349 27.7
66.773333333 27.8
67.098412698 28.1
67.474285714 28.2
67.748571429 28.3
67.992380952 28.4
68.307301587 28.5
68.657777778 28.6
68.906666667 28.7
69.175873016 28.8
69.485714286 29.1
69.826031746 29.2
70.100317460 29.3
70.369523810 29.4
70.659047619 29.5
70.968888889 29.6
71.222857143 29.7
71.507301587 29.8
71.796825397 30.1
72.106666667 30.2
72.340317460 30.3
72.604444444 30.4
72.919365079 30.5
73.274920635 30.6
73.574603175 30.7
73.853968254 30.8
74.240000000 31.1
74.702222222 31.2
75.041768707 31.3
75.296507937 31.4
75.555555556 31.5
75.804444444 31.6
76.073650794 31.7
76.337777778 31.8
76.690476190 32.1
76.972698413 32.2
77.241904762 32.3
77.460317460 32.4
77.795555556 32.5
78.120634921 32.6
78.389841270 32.7
78.659047619 32.8
79.004444444 33.1
79.385396825 33.2
79.852698413 33.3
80.147301587 33.4
80.447959184 33.5
80.695873016 33.6
80.954920635 33.7
81.224126984 33.8
81.570589569 34.1
81.879365079 34.2
82.163809524 34.3
82.402539683 34.4
82.701065760 34.5
83.042539683 34.6
83.306666667 34.7
83.550476190 34.8
83.916190476 35.1
84.292063492 35.2
84.551111111 35.3
84.784761905 35.4
85.079365079 35.5
85.399365079 35.6
85.678730159 35.7
85.947936508 35.8
86.227301587 36.1
86.582857143 36.2
86.852063492 36.3
87.106031746 36.4
87.415873016 36.5
87.791746032 36.6
88.030476190 36.7
88.299682540 36.8
88.619682540 37.1
88.990476190 37.2
89.269841270 37.3
89.508571429 37.4
89.782857143 37.5
90.057142857 37.6
90.311111111 37.7
90.590476190 37.8
90.905396825 38.1
91.271111111 38.2
91.560634921 38.3
91.799365079 38.4
92.078730159 38.5
92.378412698 38.6
92.652698413 38.7
92.926984127 38.8
93.363809524 39.1
93.795555556 39.2
94.090158730 39.3
94.359365079 39.4
94.648888889 39.5
94.953650794 39.6
95.207619048 39.7
95.481904762 39.8
95.781587302 40.1
96.106666667 40.2
96.406349206 40.3
96.650158730 40.4
96.904126984 40.5
97.137777778 40.6
97.406984127 40.7
97.686349206 40.8
97.945396825 41.1
98.326349206 41.2
98.678480726 41.3
98.920634921 41.4
99.207369615 41.5
99.433650794 41.6
99.672380952 41.7
99.906031746 41.8
100.220952381 42.1
100.510476190 42.2
100.841065760 42.3
101.104761905 42.4
101.370249433 42.5
101.602539683 42.6
101.871746032 42.7
102.125714286 42.8
102.440634921 43.1
102.674285714 43.2
103.057981859 43.3
103.360000000 43.4
103.593650794 43.5
103.827301587 43.6
104.096507937 43.7
104.360634921 43.8
104.690793651 44.1
105.066666667 44.2
105.326916100 44.3
105.579682540 44.4
105.885056689 44.5
106.168888889 44.6
106.434716553 44.7
106.854603175 44.8
107.504761905 45.1
108.109206349 45.2
108.485600907 45.3
108.739047619 45.4
109.043809524 45.5
109.353650794 45.6
109.653333333 45.7
109.866666667 45.8
110.201904762 46.1
110.557460317 46.2
110.857142857 46.3
111.090793651 46.4
111.431723356 46.5
111.766349206 46.6
112.050793651 46.7
112.284444444 46.8
112.589206349 47.1
112.985396825 47.2
113.266349206 47.3
113.533968254 47.4
113.802086168 47.5
114.143492063 47.6
114.417777778 47.7
114.722539683 47.8
115.081655329 48.1
115.428571429 48.2
115.743492063 48.3
116.022857143 48.4
116.342857143 48.5
116.673015873 48.6
116.998594104 48.7
117.385578231 48.8
118.138775510 49.1
118.980498866 49.2
120.032653061 49.3
120.830839002 49.4
121.570975057 49.5
122.260317460 49.6
122.920634921 49.7
123.154285714 49.8
123.398095238 50.1
123.711564626 50.2
124.059863946 50.3
124.611337868 50.4
124.981995465 50.5
125.206349206 50.6
125.424036281 50.7
125.654058957 50.8
125.910929705 51.1
126.080725624 51.2
126.415963719 51.3
126.629501134 51.4
126.860770975 51.5
127.049433107 51.6
127.212698413 51.7
127.596077098 51.8
127.978231293 52.1
128.587029478 52.2
128.891791383 52.3
129.172108844 52.4
129.443990930 52.5
129.780680272 52.6
130.020136054 52.7
130.343038549 52.8
130.641269841 53.1
130.941678005 53.2
131.250068027 53.3
131.540317460 53.4
131.809523810 53.5
132.164353741 53.6
132.461859410 53.7
132.737596372 53.8
133.006802721 54.1
133.412426304 54.2
133.680907029 54.3
133.952539683 54.4
134.262131519 54.5
134.616961451 54.6
134.860045351 54.7
135.154648526 54.8
135.517460317 55.1
135.817868481 55.2
136.057324263 55.3
136.322902494 55.4
136.642176871 55.5
137.047800454 55.6
137.330793651 55.7
137.592743764 55.8
138.013605442 56.1
139.031088435 56.2
139.305215420 56.3
139.595464853 56.4
139.792834467 56.5
139.969591837 56.6
140.145487528 56.7
140.450702948 56.8
140.734693878 57.1
141.206349206 57.2
141.366712018 57.3
141.588390023 57.4
141.804263039 57.5
141.954467120 57.6
142.137324263 57.7
142.378956916 57.8
142.698956916 58.1
142.910702948 58.2
143.110385488 58.3
143.362698413 58.4
143.554467120 58.5
143.789569161 58.6
143.998548753 58.7
144.268480726 58.8
144.747392290 59.1
145.451247166 59.2
146.271201814 59.3
146.917006803 59.4
147.112925170 59.5
147.257324263 59.6
147.498956916 59.7
147.851609977 59.8
148.121541950 60.1
148.810884354 60.2
149.562131519 60.3
149.848526077 60.4
150.407256236 60.5
150.973242630 60.6
151.669841270 60.7
152.076190476 60.8
152.780045351 61.1
153.483900227 61.2
154.492517007 61.3
155.174603175 61.4
155.769614512 61.5
156.676643991 61.6
157.808616780 61.7
158.679365079 61.8
160.195918367 62.1
160.783673469 62.2
161.197278912 62.3
161.523809524 62.4
161.843083900 62.5
162.111564626 62.6
162.452607710 62.7
162.742857143 62.8
163.149206349 63.1
163.662358277 63.2
163.916916100 63.3
164.178140590 63.4
164.465487528 63.5
164.702040816 63.6
164.999546485 63.7
165.304308390 63.8
165.688888889 64.1
166.254875283 64.2
166.574875283 64.3
166.849160998 64.4
167.090793651 64.5
167.371609977 64.6
167.672018141 64.7
167.938321995 64.8
168.257596372 65.1
168.632018141 65.2
168.886712018 65.3
169.141405896 65.4
169.422222222 65.5
169.658049887 65.6
169.984580499 65.7
170.325623583 65.8
170.739229025 66.1
171.160090703 66.2
171.498956916 66.3
171.734058957 66.4
171.995283447 66.5
172.243446712 66.6
172.498140590 66.7
172.778231293 66.8
173.082993197 67.1
173.445804989 67.2
173.732426304 67.3
173.974058957 67.4
174.241814059 67.5
174.509569161 67.6
174.777324263 67.7
175.049433107 67.8
175.412244898 68.1
175.891156463 68.2
176.240181406 68.3
176.488344671 68.4
176.749569161 68.5
176.971609977 68.6
177.232834467 68.7
177.487528345 68.8
177.821315193 69.1
178.218956916 69.2
178.467120181 69.3
178.708752834 69.4
178.976507937 69.5
179.270385488 69.6
179.548299320 69.7
179.947392290 69.8
180.433560091 70.1
180.977777778 70.2
181.384126984 70.3
181.688888889 70.4
181.877551020 70.5
182.065487528 70.6
182.326712018 70.7
182.496507937 70.8
182.723265306 71.1
182.945306122 71.2
183.118367347 71.3
183.307029478 71.4
183.549387755 71.5
183.728979592 71.6
183.921632653 71.7
184.155283447 71.8
184.429569161 72.1
184.693469388 72.2
184.945487528 72.3
185.168979592 72.4
185.358367347 72.5
185.567346939 72.6
185.766530612 72.7
185.968979592 72.8
186.158367347 73.1
186.364081633 73.2
186.542585034 73.3
186.772244898 73.4
186.965260771 73.5
187.217369615 73.6
187.494965986 73.7
187.799365079 73.8
188.058775510 74.1
188.489795918 74.2
188.773877551 74.3
189.024217687 74.4
189.293061224 74.5
189.492244898 74.6
189.760000000 74.7
189.991111111 74.8
190.272653061 75.1
190.586122449 75.2
190.808163265 75.3
191.017868481 75.4
191.242811791 75.5
191.531247166 75.6
191.821496599 75.7
192.065306122 75.8
192.476734694 76.1
193.028208617 76.2
193.280725624 76.3
193.537959184 76.4
193.923265306 76.5
194.364081633 76.6
194.566530612 76.7
194.804897959 76.8
195.040000000 77.1
195.428571429 77.2
195.591836735 77.3
195.872653061 77.4
196.045714286 77.5
196.306938776 77.6
196.515918367 77.7
196.855510204 77.8
197.260408163 78.1
197.773786848 78.2
198.037551020 78.3
198.308571429 78.4
198.566530612 78.5
198.798367347 78.6
199.026938776 78.7
199.275827664 78.8
199.542857143 79.1
199.865034014 79.2
200.098684807 79.3
200.346848073 79.4
200.599365079 79.5
200.873650794 79.6
201.147936508 79.7
201.433469388 79.8
201.871020408 80.1
202.821224490 80.2
203.787755102 80.3
204.770249433 80.4
205.031473923 80.5
205.289795918 80.6
205.485714286 80.7
205.681632653 80.8
205.897142857 81.1
206.137324263 81.2
206.393469388 81.3
206.817959184 81.4
207.229387755 81.5
208.091428571 81.6
209.162448980 81.7
210.331428571 81.8
211.838548753 82.1
212.411791383 82.2
212.792743764 82.3
213.115646259 82.4
213.409523810 82.5
213.692517007 82.6
213.971882086 82.7
214.262131519 82.8
214.603174603 83.1
214.944217687 83.2
215.210612245 83.3
215.492063492 83.4
215.780385488 83.5
216.145124717 83.6
216.424489796 83.7
216.667573696 83.8
217.003219955 84.1
217.356916100 84.2
217.636734694 84.3
217.886621315 84.4
218.198639456 84.5
218.561451247 84.6
218.851700680 84.7
219.102040816 84.8
219.427233560 85.1
219.758730159 85.2
220.036462585 85.3
220.299319728 85.4
220.614965986 85.5
220.970521542 85.6
221.253514739 85.7
221.525623583 85.8
221.844897959 86.1
222.211337868 86.2
222.501428571 86.3
222.748299320 86.4
223.038548753 86.5
223.354195011 86.6
223.666213152 86.7
223.941950113 86.8
224.273582766 87.1
224.598639456 87.2
224.872494331 87.3
225.142857143 87.4
225.435102041 87.5
225.748752834 87.6
225.998140590 87.7
226.387301587 87.8
227.144058957 88.1
227.677619048 88.2
228.388571429 88.3
229.276734694 88.4
229.622857143 88.5
229.916734694 88.6
230.106122449 88.7
230.308571429 88.8
230.511020408 89.1
230.785306122 89.2
231.346938776 89.3
231.647346939 89.4
231.921632653 89.5
232.176326531 89.6
232.581224490 89.7
232.927346939 89.8
233.538526077 90.1
234.442448980 90.2
235.445056689 90.3
236.127346939 90.4
236.421224490 90.5
236.656326531 90.6
236.897959184 90.7
237.152653061 90.8
237.902222222 91.1
238.517551020 91.2
239.203265306 91.3
239.804081633 91.4
240.385306122 91.5
240.995555556 91.6
241.789387755 91.7
242.684081633 91.8