###data-type:		Global Beat Dynamics (0.2x2 smoothing; 100 ms delay)
###extraction-date:	Mon Jul 11 05:28:44 PDT 2022
0.69	66.8	0 1
3.286	72.8	23.1086 2
5.709	71.4	24.7642 3
8.137	71.7	24.7123 4
10.596	70.7	24.406 5
12.947	71.0	25.513 6
15.446	70.8	24.0091 7
17.884	68.4	24.6094 8
20.582	68.7	22.2458 9
23.269	70.5	22.3299 10
25.687	76.7	24.808 11
27.987	71.0	26.0852 12
30.348	71.0	25.4171 13
32.73	77.9	25.1894 14
35.31	68.7	23.2568 15
37.836	74.5	23.7488 16
40.198	74.5	25.4032 17
42.565	75.8	25.3487 18
45.1	71.6	23.6723 19
47.578	75.0	24.2059 20
49.94	79.0	25.4032 21
52.353	75.3	24.8684 22
54.73	70.8	25.2404 23
57.133	74.6	24.9736 24
59.601	78.2	24.3056 25
61.973	76.5	25.2944 26
64.452	77.8	24.2059 27
67.098	75.3	22.6727 28
69.486	72.9	25.133 29
71.797	71.5	25.9615 30
74.24	66.0	24.5582 31
76.69	80.7	24.485 32
79.004	71.1	25.9295 33
81.571	75.6	23.3814 34
83.916	76.1	25.5798 35
86.227	73.8	25.9615 36
88.62	68.4	25.0796 37
90.905	77.6	26.25 38
93.364	72.8	24.406 39
95.782	76.0	24.8162 40
97.945	73.6	27.7289 41
100.221	77.8	26.3672 42
102.441	75.5	27.0309 43
104.691	73.1	26.6648 44
107.505	77.9	21.3222 45
110.202	80.0	22.2458 46
112.589	76.5	25.133 47
115.082	71.2	24.0727 48
118.139	69.5	19.6263 49
123.398	65.4	11.4083 50
125.911	71.9	23.8774 51
127.978	72.2	29.0233 52
130.641	74.3	22.5307 53
133.007	72.1	25.3643 54
135.517	74.8	23.8981 55
138.014	71.8	24.0371 56
140.735	69.1	22.05 57
142.699	75.5	30.5458 58
144.747	73.0	29.2906 59
148.122	74.4	17.7823 60
152.78	77.2	12.8797 61
160.196	59.9	8.09075 62
163.149	71.7	20.3163 63
165.689	66.9	23.625 64
168.258	67.1	23.3581 65
170.739	67.4	24.1776 66
173.083	70.4	25.5998 67
175.412	74.9	25.7593 68
177.821	65.9	24.9059 69
180.434	60.2	22.9688 70
182.723	69.8	26.2042 71
184.43	74.1	35.1637 72
186.158	77.1	34.7062 73
188.059	64.6	31.5722 74
190.273	78.0	27.1018 75
192.477	72.7	27.2222 76
195.04	73.3	23.4076 77
197.26	77.0	27.0221 78
199.543	77.8	26.2876 79
201.871	72.9	25.7714 80
205.897	74.5	14.9027 81
211.839	64.2	10.0986 82
214.603	73.6	21.7028 83
217.003	71.6	24.9995 84
219.427	71.8	24.7523 85
221.845	70.2	24.8173 86
224.274	72.2	24.7047 87
227.144	74.5	20.9025 88
230.511	67.9	17.8202 89
233.539	69.2	19.8183 90
237.902	74.3	13.7498 91
