0.689909297 1
3.286349206 2
5.709206349 3
8.137142857 4
10.595555556 5
12.947301587 6
15.446349206 7
17.884444444 8
20.581587302 9
23.268571429 10
25.687142857 11
27.987301587 12
30.347913832 13
32.729863946 14
35.309750567 15
37.836190476 16
40.198095238 17
42.565079365 18
45.099682540 19
47.578412698 20
49.940317460 21
52.353015873 22
54.730158730 23
57.132698413 24
59.601269841 25
61.973333333 26
64.452063492 27
67.098412698 28
69.485714286 29
71.796825397 30
74.240000000 31
76.690476190 32
79.004444444 33
81.570589569 34
83.916190476 35
86.227301587 36
88.619682540 37
90.905396825 38
93.363809524 39
95.781587302 40
97.945396825 41
100.220952381 42
102.440634921 43
104.690793651 44
107.504761905 45
110.201904762 46
112.589206349 47
115.081655329 48
118.138775510 49
123.398095238 50
125.910929705 51
127.978231293 52
130.641269841 53
133.006802721 54
135.517460317 55
138.013605442 56
140.734693878 57
142.698956916 58
144.747392290 59
148.121541950 60
152.780045351 61
160.195918367 62
163.149206349 63
165.688888889 64
168.257596372 65
170.739229025 66
173.082993197 67
175.412244898 68
177.821315193 69
180.433560091 70
182.723265306 71
184.429569161 72
186.158367347 73
188.058775510 74
190.272653061 75
192.476734694 76
195.040000000 77
197.260408163 78
199.542857143 79
201.871020408 80
205.897142857 81
211.838548753 82
214.603174603 83
217.003219955 84
219.427233560 85
221.844897959 86
224.273582766 87
227.144058957 88
230.511020408 89
233.538526077 90
237.902222222 91