0.689909297 2.59644 1
3.286349206 2.42286 2
5.709206349 2.42794 3
8.137142857 2.45841 4
10.595555556 2.35175 5
12.947301587 2.49905 6
15.446349206 2.4381 7
17.884444444 2.69714 8
20.581587302 2.68698 9
23.268571429 2.41857 10
25.687142857 2.30016 11
27.987301587 2.36061 12
30.347913832 2.38195 13
32.729863946 2.57989 14
35.309750567 2.52644 15
37.836190476 2.3619 16
40.198095238 2.36698 17
42.565079365 2.5346 18
45.099682540 2.47873 19
47.578412698 2.3619 20
49.940317460 2.4127 21
52.353015873 2.37714 22
54.730158730 2.40254 23
57.132698413 2.46857 24
59.601269841 2.37206 25
61.973333333 2.47873 26
64.452063492 2.64635 27
67.098412698 2.3873 28
69.485714286 2.31111 29
71.796825397 2.44317 30
74.240000000 2.45048 31
76.690476190 2.31397 32
79.004444444 2.56615 33
81.570589569 2.3456 34
83.916190476 2.31111 35
86.227301587 2.39238 36
88.619682540 2.28571 37
90.905396825 2.45841 38
93.363809524 2.41778 39
95.781587302 2.16381 40
97.945396825 2.27556 41
100.220952381 2.21968 42
102.440634921 2.25016 43
104.690793651 2.81397 44
107.504761905 2.69714 45
110.201904762 2.3873 46
112.589206349 2.49245 47
115.081655329 3.05712 48
118.138775510 5.25932 49
123.398095238 2.51283 50
125.910929705 2.0673 51
127.978231293 2.66304 52
130.641269841 2.36553 53
133.006802721 2.51066 54
135.517460317 2.49615 55
138.013605442 2.72109 56
140.734693878 1.96426 57
142.698956916 2.04844 58
144.747392290 3.37415 59
148.121541950 4.6585 60
152.780045351 7.41587 61
160.195918367 2.95329 62
163.149206349 2.53968 63
165.688888889 2.56871 64
168.257596372 2.48163 65
170.739229025 2.34376 66
173.082993197 2.32925 67
175.412244898 2.40907 68
177.821315193 2.61224 69
180.433560091 2.28971 70
182.723265306 1.7063 71
184.429569161 1.7288 72
186.158367347 1.90041 73
188.058775510 2.21388 74
190.272653061 2.20408 75
192.476734694 2.56327 76
195.040000000 2.22041 77
197.260408163 2.28245 78
199.542857143 2.32816 79
201.871020408 4.02612 80
205.897142857 5.94141 81
211.838548753 2.76463 82
214.603174603 2.40005 83
217.003219955 2.42401 84
219.427233560 2.41766 85
221.844897959 2.42868 86
224.273582766 2.87048 87
227.144058957 3.36696 88
230.511020408 3.02751 89
233.538526077 4.3637 90
237.902222222 91