0.689909297 0 1
3.286349206 23.1086 2
5.709206349 24.7642 3
8.137142857 24.7123 4
10.595555556 24.406 5
12.947301587 25.513 6
15.446349206 24.0091 7
17.884444444 24.6094 8
20.581587302 22.2458 9
23.268571429 22.3299 10
25.687142857 24.808 11
27.987301587 26.0852 12
30.347913832 25.4171 13
32.729863946 25.1894 14
35.309750567 23.2568 15
37.836190476 23.7488 16
40.198095238 25.4032 17
42.565079365 25.3487 18
45.099682540 23.6723 19
47.578412698 24.2059 20
49.940317460 25.4032 21
52.353015873 24.8684 22
54.730158730 25.2404 23
57.132698413 24.9736 24
59.601269841 24.3056 25
61.973333333 25.2944 26
64.452063492 24.2059 27
67.098412698 22.6727 28
69.485714286 25.133 29
71.796825397 25.9615 30
74.240000000 24.5582 31
76.690476190 24.485 32
79.004444444 25.9295 33
81.570589569 23.3814 34
83.916190476 25.5798 35
86.227301587 25.9615 36
88.619682540 25.0796 37
90.905396825 26.25 38
93.363809524 24.406 39
95.781587302 24.8162 40
97.945396825 27.7289 41
100.220952381 26.3672 42
102.440634921 27.0309 43
104.690793651 26.6648 44
107.504761905 21.3222 45
110.201904762 22.2458 46
112.589206349 25.133 47
115.081655329 24.0727 48
118.138775510 19.6263 49
123.398095238 11.4083 50
125.910929705 23.8774 51
127.978231293 29.0233 52
130.641269841 22.5307 53
133.006802721 25.3643 54
135.517460317 23.8981 55
138.013605442 24.0371 56
140.734693878 22.05 57
142.698956916 30.5458 58
144.747392290 29.2906 59
148.121541950 17.7823 60
152.780045351 12.8797 61
160.195918367 8.09075 62
163.149206349 20.3163 63
165.688888889 23.625 64
168.257596372 23.3581 65
170.739229025 24.1776 66
173.082993197 25.5998 67
175.412244898 25.7593 68
177.821315193 24.9059 69
180.433560091 22.9688 70
182.723265306 26.2042 71
184.429569161 35.1637 72
186.158367347 34.7062 73
188.058775510 31.5722 74
190.272653061 27.1018 75
192.476734694 27.2222 76
195.040000000 23.4076 77
197.260408163 27.0221 78
199.542857143 26.2876 79
201.871020408 25.7714 80
205.897142857 14.9027 81
211.838548753 10.0986 82
214.603174603 21.7028 83
217.003219955 24.9995 84
219.427233560 24.7523 85
221.844897959 24.8173 86
224.273582766 24.7047 87
227.144058957 20.9025 88
230.511020408 17.8202 89
233.538526077 19.8183 90
237.902222222 13.7498 91