2.586122449 0.74449 1.1
3.330612245 0.304762 1.2
3.635374150 0.256871 1.3
3.892244898 0.226395 1.4
4.118639456 0.24381 1.5
4.362448980 0.248163 1.6
4.610612245 0.230748 1.7
4.841360544 0.239456 1.8
5.080816327 0.304762 2.1
5.385578231 0.230748 2.2
5.616326531 0.239456 2.3
5.855782313 0.226395 2.4
6.082176871 0.230748 2.5
6.312925170 0.230748 2.6
6.543673469 0.248163 2.7
6.791836735 0.248163 2.8
7.040000000 0.404898 3.1
7.444897959 0.239456 3.2
7.684353741 0.235102 3.3
7.919455782 0.230748 3.4
8.150204082 0.235102 3.5
8.385306122 0.235102 3.6
8.620408163 0.226395 3.7
8.846802721 0.239456 3.8
9.086258503 0.339592 4.1
9.425850340 0.239456 4.2
9.665306122 0.230748 4.3
9.896054422 0.222041 4.4
10.118095238 0.230748 4.5
10.348843537 0.204626 4.6
10.553469388 0.248163 4.7
10.801632653 0.278639 4.8
11.080272109 0.357007 5.1
11.437278912 0.239456 5.2
11.676734694 0.230748 5.3
11.907482993 0.200272 5.4
12.107755102 0.252517 5.5
12.360272109 0.222041 5.6
12.582312925 0.235102 5.7
12.817414966 0.213333 5.8
13.030748299 0.343946 6.1
13.374693878 0.195918 6.2
13.570612245 0.248163 6.3
13.818775510 0.230748 6.4
14.049523810 0.226395 6.5
14.275918367 0.213333 6.6
14.489251701 0.24381 6.7
14.733061224 0.248163 6.8
14.981224490 0.343946 7.1
15.325170068 0.222041 7.2
15.547210884 0.20898 7.3
15.756190476 0.235102 7.4
15.991292517 0.24381 7.5
16.235102041 0.239456 7.6
16.474557823 0.248163 7.7
16.722721088 0.20898 7.8
16.931700680 0.261224 8.1
17.192925170 0.24381 8.2
17.436734694 0.217687 8.3
17.654421769 0.239456 8.4
17.893877551 0.230748 8.5
18.124625850 0.222041 8.6
18.346666667 0.226395 8.7
18.573061224 0.322177 8.8
18.895238095 0.444082 9.1
19.339319728 0.230748 9.2
19.570068027 0.24381 9.3
19.813877551 0.248163 9.4
20.062040816 0.213333 9.5
20.275374150 0.217687 9.6
20.493061224 0.20898 9.7
20.702040816 0.24381 9.8
20.945850340 0.343946 10.1
21.289795918 0.204626 10.2
21.494421769 0.222041 10.3
21.716462585 0.20898 10.4
21.925442177 0.230748 10.5
22.156190476 0.230748 10.6
22.386938776 0.217687 10.7
22.604625850 0.291701 10.8
22.896326531 0.391837 11.1
23.288163265 0.239456 11.2
23.527619048 0.226395 11.3
23.754013605 0.222041 11.4
23.976054422 0.230748 11.5
24.206802721 0.226395 11.6
24.433197279 0.20898 11.7
24.642176871 0.24381 11.8
24.885986395 0.291701 12.1
25.177687075 0.217687 12.2
25.395374150 0.230748 12.3
25.626122449 0.20898 12.4
25.835102041 0.24381 12.5
26.078911565 0.204626 12.6
26.283537415 0.222041 12.7
26.505578231 0.230748 12.8
26.736326531 0.256871 13.1
26.993197279 0.222041 13.2
27.215238095 0.213333 13.3
27.428571429 0.235102 13.4
27.663673469 0.261224 13.5
27.924897959 0.204626 13.6
28.129523810 0.200272 13.7
28.329795918 0.265578 13.8
28.595374150 0.330884 14.1
28.926258503 0.252517 14.2
29.178775510 0.222041 14.3
29.400816327 0.226395 14.4
29.627210884 0.24381 14.5
29.871020408 0.252517 14.6
30.123537415 0.300408 14.7
30.423945578 0.317823 14.8
30.741768707 0.39619 15.1
31.137959184 0.235102 15.2
31.373061224 0.265578 15.3
31.638639456 0.213333 15.4
31.851972789 0.235102 15.5
32.087074830 0.20898 15.6
32.296054422 0.217687 15.7
32.513741497 0.274286 15.8
32.788027211 0.313469 16.1
33.101496599 0.24381 16.2
33.345306122 0.213333 16.3
33.558639456 0.217687 16.4
33.776326531 0.235102 16.5
34.011428571 0.217687 16.6
34.229115646 0.248163 16.7
34.477278912 0.252517 16.8
34.729795918 0.274286 17.1
35.004081633 0.235102 17.2
35.239183673 0.222041 17.3
35.461224490 0.235102 17.4
35.696326531 0.20898 17.5
35.905306122 0.24381 17.6
36.149115646 0.226395 17.7
36.375510204 0.282993 17.8
36.658503401 0.413605 18.1
37.072108844 0.213333 18.2
37.285442177 0.226395 18.3
37.511836735 0.217687 18.4
37.729523810 0.226395 18.5
37.955918367 0.226395 18.6
38.182312925 0.24381 18.7
38.426122449 0.391837 18.8
38.817959184 0.43102 19.1
39.248979592 0.309116 19.2
39.558095238 0.239456 19.3
39.797551020 0.200272 19.4
39.997823129 0.24381 19.5
40.241632653 0.222041 19.6
40.463673469 0.217687 19.7
40.681360544 0.274286 19.8
40.955646259 0.265578 20.1
41.221224490 0.252517 20.2
41.473741497 0.222041 20.3
41.695782313 0.213333 20.4
41.909115646 0.200272 20.5
42.109387755 0.226395 20.6
42.335782313 0.239456 20.7
42.575238095 0.256871 20.8
42.832108844 0.288073 21.1
43.120181406 0.217687 21.2
43.337868481 0.224943 21.3
43.562811791 0.217687 21.4
43.780498866 0.221315 21.5
44.001814059 0.224943 21.6
44.226757370 0.203175 21.7
44.429931973 0.246712 21.8
44.676643991 0.25034 22.1
44.926984127 0.2322 22.2
45.159183673 0.203175 22.3
45.362358277 0.221315 22.4
45.583673469 0.224943 22.5
45.808616780 0.2322 22.6
46.040816327 0.195918 22.7
46.236734694 0.304762 22.8
46.541496599 0.304762 23.1
46.846258503 0.228571 23.2
47.074829932 0.221315 23.3
47.296145125 0.217687 23.4
47.513832200 0.235828 23.5
47.749659864 0.221315 23.6
47.970975057 0.235828 23.7
48.206802721 0.264853 23.8
48.471655329 0.268481 24.1
48.740136054 0.224943 24.2
48.965079365 0.210431 24.3
49.175510204 0.214059 24.4
49.389569161 0.224943 24.5
49.614512472 0.199546 24.6
49.814058957 0.25034 24.7
50.064399093 0.286621 24.8
50.351020408 0.399093 25.1
50.750113379 0.262676 25.2
51.012789116 0.213333 25.3
51.226122449 0.230748 25.4
51.456870748 0.235102 25.5
51.691972789 0.230748 25.6
51.922721088 0.217687 25.7
52.140408163 0.261224 25.8
52.401632653 0.239456 26.1
52.641088435 0.235102 26.2
52.876190476 0.235102 26.3
53.111292517 0.204626 26.4
53.315918367 0.248163 26.5
53.564081633 0.230748 26.6
53.794829932 0.300408 26.7
54.095238095 0.461497 26.8
54.556734694 0.561633 27.1
55.118367347 0.261224 27.2
55.379591837 0.256871 27.3
55.636462585 0.213333 27.4
55.849795918 0.217687 27.5
56.067482993 0.222041 27.6
56.289523810 0.217687 27.7
56.507210884 0.235102 27.8
56.742312925 0.265578 28.1
57.007891156 0.239456 28.2
57.247346939 0.230748 28.3
57.478095238 0.226395 28.4
57.704489796 0.226395 28.5
57.930884354 0.204626 28.6
58.135510204 0.217687 28.7
58.353197279 0.322177 28.8
58.675374150 0.322177 29.1
58.997551020 0.274286 29.2
59.271836735 0.230748 29.3
59.502585034 0.204626 29.4
59.707210884 0.230748 29.5
59.937959184 0.222041 29.6
60.160000000 0.235102 29.7
60.395102041 0.226395 29.8
60.621496599 0.239456 30.1
60.860952381 0.213333 30.2
61.074285714 0.226395 30.3
61.300680272 0.213333 30.4
61.514013605 0.230748 30.5
61.744761905 0.24381 30.6
61.988571429 0.252517 30.7
62.241088435 0.365714 30.8
62.606802721 0.725624 31.1
63.332426304 0.306213 31.2
63.638639456 0.239456 31.3
63.878095238 0.213333 31.4
64.091428571 0.235102 31.5
64.326530612 0.235102 31.6
64.561632653 0.204626 31.7
64.766258503 0.235102 31.8
65.001360544 0.230748 32.1
65.232108844 0.239456 32.2
65.471564626 0.200272 32.3
65.671836735 0.222041 32.4
65.893877551 0.226395 32.5
66.120272109 0.239456 32.6
66.359727891 0.248163 32.7
66.607891156 0.422313 32.8
67.030204082 0.548571 33.1
67.578775510 0.280227 33.2
67.859002268 0.219002 33.3
68.078004535 0.210431 33.4
68.288435374 0.217687 33.5
68.506122449 0.2322 33.6
68.738321995 0.197143 33.7
68.935464853 0.27161 33.8
69.207074830 0.291701 34.1
69.498775510 0.226395 34.2
69.725170068 0.24381 34.3
69.968979592 0.187211 34.4
70.156190476 0.24381 34.5
70.400000000 0.226395 34.6
70.626394558 0.239456 34.7
70.865850340 0.339592 34.8
71.205442177 0.505034 35.1
71.710476190 0.278639 35.2
71.989115646 0.204626 35.3
72.193741497 0.230748 35.4
72.424489796 0.24381 35.5
72.668299320 0.235102 35.6
72.903401361 0.204626 35.7
73.108027211 0.352653 35.8
73.460680272 0.374422 36.1
73.835102041 0.256871 36.2
74.091972789 0.226395 36.3
74.318367347 0.20898 36.4
74.527346939 0.213333 36.5
74.740680272 0.235102 36.6
74.975782313 0.261224 36.7
75.237006803 0.348299 36.8
75.585306122 0.50068 37.1
76.085986395 0.252517 37.2
76.338503401 0.213333 37.3
76.551836735 0.24381 37.4
76.795646259 0.20898 37.5
77.004625850 0.222041 37.6
77.226666667 0.235102 37.7
77.461768707 0.248163 37.8
77.709931973 0.317823 38.1
78.027755102 0.261224 38.2
78.288979592 0.217687 38.3
78.506666667 0.217687 38.4
78.724353741 0.252517 38.5
78.976870748 0.239456 38.6
79.216326531 0.279932 38.7
79.496258503 0.477619 38.8
79.973877551 0.448435 39.1
80.422312925 0.239456 39.2
80.661768707 0.230748 39.3
80.892517007 0.226395 39.4
81.118911565 0.24381 39.5
81.362721088 0.200272 39.6
81.562993197 0.24381 39.7
81.806802721 0.230748 39.8
82.037551020 0.226395 40.1
82.263945578 0.230748 40.2
82.494693878 0.235102 40.3
82.729795918 0.24381 40.4
82.973605442 0.235102 40.5
83.208707483 0.239456 40.6
83.448163265 0.239456 40.7
83.687619048 0.36068 40.8
84.048299320 0.436054 41.1
84.484353741 0.256871 41.2
84.741224490 0.217687 41.3
84.958911565 0.200272 41.4
85.159183673 0.222041 41.5
85.381224490 0.222041 41.6
85.603265306 0.26941 41.7
85.872675737 0.30093 41.8
86.173605442 0.365714 42.1
86.539319728 0.222041 42.2
86.761360544 0.217687 42.3
86.979047619 0.222041 42.4
87.201088435 0.222041 42.5
87.423129252 0.248163 42.6
87.671292517 0.278639 42.7
87.949931973 0.378776 42.8
88.328707483 0.496327 43.1
88.825034014 0.282993 43.2
89.108027211 0.239456 43.3
89.347482993 0.222041 43.4
89.569523810 0.226395 43.5
89.795918367 0.222041 43.6
90.017959184 0.217687 43.7
90.235646259 0.230748 43.8
90.466394558 0.252517 44.1
90.718911565 0.230748 44.2
90.949659864 0.204626 44.3
91.154285714 0.24381 44.4
91.398095238 0.274286 44.5
91.672380952 0.291701 44.6
91.964081633 0.387483 44.7
92.351564626 0.557279 44.8
92.908843537 0.461497 45.1
93.370340136 0.274286 45.2
93.644625850 0.261224 45.3
93.905850340 0.235102 45.4
94.140952381 0.230748 45.5
94.371700680 0.235102 45.6
94.606802721 0.276213 45.7
94.883015873 0.320249 45.8
95.203265306 0.383129 46.1
95.586394558 0.24381 46.2
95.830204082 0.227664 46.3
96.057868481 0.220771 46.4
96.278639456 0.245624 46.5
96.524263039 0.237982 46.6
96.762244898 0.25712 46.7
97.019365079 0.27805 46.8
97.297414966 0.370068 47.1
97.667482993 0.239456 47.2
97.906938776 0.230748 47.3
98.137687075 0.213333 47.4
98.351020408 0.226395 47.5
98.577414966 0.235102 47.6
98.812517007 0.235102 47.7
99.047619048 0.320884 47.8
99.368503401 0.367007 48.1
99.735510204 0.252517 48.2
99.988027211 0.222041 48.3
100.210068027 0.230748 48.4
100.440816327 0.258776 48.5
100.699591837 0.289796 48.6
100.989387755 0.409252 48.7
101.398639456 0.77932 48.8
102.177959184 0.578231 49.1
102.756190476 0.562449 49.2
103.318639456 0.653061 49.3
103.971700680 0.700952 49.4
104.672653061 0.67483 49.5
105.347482993 0.735782 49.6
106.083265306 0.248163 49.7
106.331428571 0.291701 49.8
106.623129252 0.361361 50.1
106.984489796 0.269932 50.2
107.254421769 0.226395 50.3
107.480816327 0.215533 50.4
107.696349206 0.180658 50.5
107.877006803 0.222041 50.6
108.099047619 0.200272 50.7
108.299319728 0.217687 50.8
108.517006803 0.20898 51.1
108.725986395 0.213333 51.2
108.939319728 0.226395 51.3
109.165714286 0.187211 51.4
109.352925170 0.191565 51.5
109.544489796 0.230748 51.6
109.775238095 0.273764 51.7
110.049002268 0.496848 51.8
110.545850340 0.805442 52.1
111.351292517 0.265578 52.2
111.616870748 0.239456 52.3
111.856326531 0.24381 52.4
112.100136054 0.256871 52.5
112.357006803 0.235102 52.6
112.592108844 0.24381 52.7
112.835918367 0.261224 52.8
113.097142857 0.296054 53.1
113.393197279 0.217687 53.2
113.610884354 0.252517 53.3
113.863401361 0.217687 53.4
114.081088435 0.24381 53.5
114.324897959 0.222041 53.6
114.546938776 0.222041 53.7
114.768979592 0.287347 53.8
115.056326531 0.46585 54.1
115.522176871 0.274286 54.2
115.796462585 0.226395 54.3
116.022857143 0.265578 54.4
116.288435374 0.230748 54.5
116.519183673 0.245306 54.6
116.764489796 0.233605 54.7
116.998095238 0.274286 54.8
117.272380952 0.335238 55.1
117.607619048 0.217687 55.2
117.825306122 0.239456 55.3
118.064761905 0.217687 55.4
118.282448980 0.252517 55.5
118.534965986 0.252517 55.6
118.787482993 0.330884 55.7
119.118367347 0.609524 55.8
119.727891156 1.67184 56.1
121.399727891 0.304762 56.2
121.704489796 0.422313 56.3
122.126802721 0.191565 56.4
122.318367347 0.230703 56.5
122.549070295 0.169841 56.6
122.718911565 0.20898 56.7
122.927891156 0.417959 56.8
123.345850340 0.788027 57.1
124.133877551 0.20898 57.2
124.342857143 0.24542 57.3
124.588276644 0.187982 57.4
124.776258503 0.21449 57.5
124.990748299 0.192381 57.6
125.183129252 0.250703 57.7
125.433832200 0.31093 57.8
125.744761905 0.444082 58.1
126.188843537 0.148027 58.2
126.336870748 0.191565 58.3
126.528435374 0.213333 58.4
126.741768707 0.226395 58.5
126.968163265 0.283424 58.6
127.251587302 0.247732 58.7
127.499319728 0.435374 58.8
127.934693878 0.796735 59.1
128.731428571 0.827211 59.2
129.558639456 1.13197 59.3
130.690612245 0.370068 59.4
131.060680272 0.200068 59.5
131.260748299 0.192789 59.6
131.453537415 0.155714 59.7
131.609251701 0.20898 59.8
131.818231293 0.687891 60.1
132.506122449 1.21905 60.2
133.725170068 0.236077 60.3
133.961247166 0.373447 60.4
134.334693878 0.909932 60.5
135.244625850 0.999478 60.6
136.244104308 0.676712 60.7
136.920816327 0.562086 60.8
137.482902494 0.650816 61.1
138.133718821 1.16859 61.2
139.302312925 0.725624 61.3
140.027936508 0.450023 61.4
140.477959184 0.530113 61.5
141.008072562 0.535351 61.6
141.543424036 0.916803 61.7
142.460226757 1.13778 61.8
143.598004535 0.78322 62.1
144.381224490 0.389388 62.2
144.770612245 0.284444 62.3
145.055056689 0.267029 62.4
145.322086168 0.2322 62.5
145.554285714 0.261224 62.6
145.815510204 0.269297 62.7
146.084807256 0.357642 62.8
146.442448980 0.400544 63.1
146.842993197 0.257052 63.2
147.100045351 0.265397 63.3
147.365442177 0.259456 63.4
147.624897959 0.278141 63.5
147.903038549 0.264376 63.6
148.167414966 0.383651 63.7
148.551065760 0.521043 63.8
149.072108844 0.490476 64.1
149.562585034 0.304807 64.2
149.867392290 0.255419 64.3
150.122811791 0.203175 64.4
150.325986395 0.267029 64.5
150.593015873 0.241066 64.6
150.834081633 0.246553 64.7
151.080634921 0.278639 64.8
151.359274376 0.354104 65.1
151.713378685 0.261224 65.2
151.974603175 0.24381 65.3
152.218412698 0.255782 65.4
152.474195011 0.237642 65.5
152.711836735 0.255419 65.6
152.967256236 0.313469 65.7
153.280725624 0.539864 65.8
153.820589569 0.731429 66.1
154.552018141 0.319274 66.2
154.871292517 0.249615 66.3
155.120907029 0.226712 66.4
155.347619048 0.220272 66.5
155.567891156 0.249615 66.6
155.817505669 0.22059 66.7
156.038095238 0.24381 66.8
156.281904762 0.264127 67.1
156.546031746 0.212109 67.2
156.758140590 0.202948 67.3
156.961088435 0.238005 67.4
157.199092971 0.255419 67.5
157.454512472 0.237506 67.6
157.692018141 0.308163 67.7
158.000181406 0.377324 67.8
158.377505669 0.523991 68.1
158.901496599 0.271293 68.2
159.172789116 0.287483 68.3
159.460272109 0.304626 68.4
159.764897959 0.266689 68.5
160.031587302 0.22093 68.6
160.252517007 0.247823 68.7
160.500340136 0.204966 68.8
160.705306122 0.236871 69.1
160.942176871 0.202925 69.2
161.145102041 0.236576 69.3
161.381678005 0.211791 69.4
161.593469388 0.24381 69.5
161.837278912 0.284444 69.6
162.121723356 0.377347 69.7
162.499070295 0.679161 69.8
163.178231293 1.38159 70.1
164.559818594 0.295442 70.2
164.855260771 0.240522 70.3
165.095782313 0.231542 70.4
165.327324263 0.387687 70.5
165.715011338 0.249615 70.6
165.964625850 0.2322 70.7
166.196825397 0.24381 70.8
166.440634921 0.307664 71.1
166.748299320 0.336689 71.2
167.084988662 0.258073 71.3
167.343061224 0.227619 71.4
167.570680272 0.239388 71.5
167.810068027 0.221134 71.6
168.031201814 0.20898 71.7
168.240181406 0.342494 71.8
168.582675737 0.246417 72.1
168.829092971 0.295125 72.2
169.124217687 0.208617 72.3
169.332834467 0.247619 72.4
169.580453515 0.251633 72.5
169.832086168 0.233447 72.6
170.065532880 0.2122 72.7
170.277732426 0.271406 72.8
170.549138322 0.239433 73.1
170.788571429 0.256304 73.2
171.044875283 0.254195 73.3
171.299070295 0.218299 73.4
171.517369615 0.21161 73.5
171.728979592 0.268141 73.6
171.997120181 0.248503 73.7
172.245623583 0.441179 73.8
172.686802721 0.441179 74.1
173.127981859 0.348299 74.2
173.476281179 0.290249 74.3
173.766530612 0.260249 74.4
174.026780045 0.258141 74.5
174.284920635 0.213039 74.6
174.497959184 0.238005 74.7
174.735963719 0.255419 74.8
174.991383220 0.226735 75.1
175.218117914 0.266077 75.2
175.484195011 0.230476 75.3
175.714671202 0.227778 75.4
175.942448980 0.221995 75.5
176.164444444 0.249161 75.6
176.413605442 0.313469 75.7
176.727074830 0.471224 75.8
177.198299320 0.651519 76.1
177.849818594 0.301156 76.2
178.150975057 0.253742 76.3
178.404716553 0.43517 76.4
178.839886621 0.696803 76.5
179.536689342 0.246803 76.6
179.783492063 0.212404 76.7
179.995895692 0.208073 76.8
180.203968254 0.464694 77.1
180.668662132 0.216599 77.2
180.885260771 0.179909 77.3
181.065170068 0.258549 77.4
181.323718821 0.314172 77.5
181.637891156 0.280522 77.6
181.918412698 0.359864 77.7
182.278276644 0.573016 77.8
182.851292517 0.517778 78.1
183.369070295 0.34415 78.2
183.713219955 0.316531 78.3
184.029750567 0.255419 78.4
184.285170068 0.22483 78.5
184.510000000 0.233764 78.6
184.743764172 0.249615 78.7
184.993378685 0.208322 78.8
185.201700680 0.279297 79.1
185.480997732 0.226395 79.2
185.707392290 0.226395 79.3
185.933786848 0.237596 79.4
186.171383220 0.238413 79.5
186.409795918 0.290249 79.6
186.700045351 0.400544 79.7
187.100589569 0.719819 79.8
187.820408163 0.519138 80.1
188.339546485 0.60576 80.2
188.945306122 1.84215 80.3
190.787460317 0.206009 80.4
190.993469388 0.574626 80.5
191.568095238 0.232857 80.6
191.800952381 0.21356 80.7
192.014512472 0.224376 80.8
192.238888889 0.280227 81.1
192.519115646 0.260385 81.2
192.779501134 0.378231 81.3
193.157732426 0.693175 81.4
193.850907029 0.738798 81.5
194.589705215 1.00358 81.6
195.593287982 1.20705 81.7
196.800340136 1.60805 81.8
198.408390023 0.84585 82.1
199.254240363 0.24059 82.2
199.494829932 0.278413 82.3
199.773242630 0.226213 82.4
199.999455782 0.265986 82.5
200.265442177 0.246984 82.6
200.512426304 0.220635 82.7
200.733061224 0.255578 82.8
200.988639456 0.260748 83.1
201.249387755 0.245782 83.2
201.495170068 0.213288 83.3
201.708458050 0.212562 83.4
201.921020408 0.26093 83.5
202.181950113 0.2322 83.6
202.414149660 0.223673 83.7
202.637823129 0.280204 83.8
202.918027211 0.320431 84.1
203.238458050 0.244558 84.2
203.483015873 0.230091 84.3
203.713106576 0.22966 84.4
203.942766440 0.265125 84.5
204.207891156 0.213991 84.6
204.421882086 0.242109 84.7
204.663990930 0.211383 84.8
204.875374150 0.304785 85.1
205.180158730 0.225488 85.2
205.405646259 0.216871 85.3
205.622517007 0.214875 85.4
205.837392290 0.24551 85.5
206.082902494 0.212925 85.6
206.295827664 0.216644 85.7
206.512471655 0.296961 85.8
206.809433107 0.428662 86.1
207.238095238 0.24381 86.2
207.481904762 0.238005 86.3
207.719909297 0.195193 86.4
207.915102041 0.257596 86.5
208.172698413 0.238005 86.6
208.410702948 0.222313 86.7
208.633015873 0.236281 86.8
208.869297052 0.377324 87.1
209.246621315 0.226553 87.2
209.473174603 0.217347 87.3
209.690521542 0.206259 87.4
209.896780045 0.22059 87.5
210.117369615 0.273968 87.6
210.391337868 0.335556 87.7
210.726893424 0.644354 87.8
211.371247166 0.700703 88.1
212.071950113 0.700181 88.2
212.772131519 1.08365 88.3
213.855782313 0.336689 88.4
214.192471655 0.304376 88.5
214.496848073 0.241293 88.6
214.738140590 0.248617 88.7
214.986757370 0.213583 88.8
215.200340136 0.194059 89.1
215.394399093 0.278707 89.2
215.673106576 0.240522 89.3
215.913628118 0.207075 89.4
216.120702948 0.22542 89.5
216.346122449 0.278639 89.6
216.624761905 0.280476 89.7
216.905238095 0.398707 89.8
217.303945578 0.783673 90.1
218.087619048 0.809524 90.2
218.897142857 0.601088 90.3
219.498231293 0.208141 90.4
219.706371882 0.238844 90.5
219.945215420 0.257279 90.6
220.202494331 0.254921 90.7
220.457414966 0.648708 90.8
221.106122449 0.505737 91.1
221.611859410 0.503197 91.2
222.115056689 0.620136 91.3
222.735192744 0.501882 91.4
223.237074830 0.487846 91.5
223.724920635 0.406712 91.6
224.131632653 0.471202 91.7
224.602834467 91.8