2.586122449 1.1
3.330612245 1.2
3.635374150 1.3
3.892244898 1.4
4.118639456 1.5
4.362448980 1.6
4.610612245 1.7
4.841360544 1.8
5.080816327 2.1
5.385578231 2.2
5.616326531 2.3
5.855782313 2.4
6.082176871 2.5
6.312925170 2.6
6.543673469 2.7
6.791836735 2.8
7.040000000 3.1
7.444897959 3.2
7.684353741 3.3
7.919455782 3.4
8.150204082 3.5
8.385306122 3.6
8.620408163 3.7
8.846802721 3.8
9.086258503 4.1
9.425850340 4.2
9.665306122 4.3
9.896054422 4.4
10.118095238 4.5
10.348843537 4.6
10.553469388 4.7
10.801632653 4.8
11.080272109 5.1
11.437278912 5.2
11.676734694 5.3
11.907482993 5.4
12.107755102 5.5
12.360272109 5.6
12.582312925 5.7
12.817414966 5.8
13.030748299 6.1
13.374693878 6.2
13.570612245 6.3
13.818775510 6.4
14.049523810 6.5
14.275918367 6.6
14.489251701 6.7
14.733061224 6.8
14.981224490 7.1
15.325170068 7.2
15.547210884 7.3
15.756190476 7.4
15.991292517 7.5
16.235102041 7.6
16.474557823 7.7
16.722721088 7.8
16.931700680 8.1
17.192925170 8.2
17.436734694 8.3
17.654421769 8.4
17.893877551 8.5
18.124625850 8.6
18.346666667 8.7
18.573061224 8.8
18.895238095 9.1
19.339319728 9.2
19.570068027 9.3
19.813877551 9.4
20.062040816 9.5
20.275374150 9.6
20.493061224 9.7
20.702040816 9.8
20.945850340 10.1
21.289795918 10.2
21.494421769 10.3
21.716462585 10.4
21.925442177 10.5
22.156190476 10.6
22.386938776 10.7
22.604625850 10.8
22.896326531 11.1
23.288163265 11.2
23.527619048 11.3
23.754013605 11.4
23.976054422 11.5
24.206802721 11.6
24.433197279 11.7
24.642176871 11.8
24.885986395 12.1
25.177687075 12.2
25.395374150 12.3
25.626122449 12.4
25.835102041 12.5
26.078911565 12.6
26.283537415 12.7
26.505578231 12.8
26.736326531 13.1
26.993197279 13.2
27.215238095 13.3
27.428571429 13.4
27.663673469 13.5
27.924897959 13.6
28.129523810 13.7
28.329795918 13.8
28.595374150 14.1
28.926258503 14.2
29.178775510 14.3
29.400816327 14.4
29.627210884 14.5
29.871020408 14.6
30.123537415 14.7
30.423945578 14.8
30.741768707 15.1
31.137959184 15.2
31.373061224 15.3
31.638639456 15.4
31.851972789 15.5
32.087074830 15.6
32.296054422 15.7
32.513741497 15.8
32.788027211 16.1
33.101496599 16.2
33.345306122 16.3
33.558639456 16.4
33.776326531 16.5
34.011428571 16.6
34.229115646 16.7
34.477278912 16.8
34.729795918 17.1
35.004081633 17.2
35.239183673 17.3
35.461224490 17.4
35.696326531 17.5
35.905306122 17.6
36.149115646 17.7
36.375510204 17.8
36.658503401 18.1
37.072108844 18.2
37.285442177 18.3
37.511836735 18.4
37.729523810 18.5
37.955918367 18.6
38.182312925 18.7
38.426122449 18.8
38.817959184 19.1
39.248979592 19.2
39.558095238 19.3
39.797551020 19.4
39.997823129 19.5
40.241632653 19.6
40.463673469 19.7
40.681360544 19.8
40.955646259 20.1
41.221224490 20.2
41.473741497 20.3
41.695782313 20.4
41.909115646 20.5
42.109387755 20.6
42.335782313 20.7
42.575238095 20.8
42.832108844 21.1
43.120181406 21.2
43.337868481 21.3
43.562811791 21.4
43.780498866 21.5
44.001814059 21.6
44.226757370 21.7
44.429931973 21.8
44.676643991 22.1
44.926984127 22.2
45.159183673 22.3
45.362358277 22.4
45.583673469 22.5
45.808616780 22.6
46.040816327 22.7
46.236734694 22.8
46.541496599 23.1
46.846258503 23.2
47.074829932 23.3
47.296145125 23.4
47.513832200 23.5
47.749659864 23.6
47.970975057 23.7
48.206802721 23.8
48.471655329 24.1
48.740136054 24.2
48.965079365 24.3
49.175510204 24.4
49.389569161 24.5
49.614512472 24.6
49.814058957 24.7
50.064399093 24.8
50.351020408 25.1
50.750113379 25.2
51.012789116 25.3
51.226122449 25.4
51.456870748 25.5
51.691972789 25.6
51.922721088 25.7
52.140408163 25.8
52.401632653 26.1
52.641088435 26.2
52.876190476 26.3
53.111292517 26.4
53.315918367 26.5
53.564081633 26.6
53.794829932 26.7
54.095238095 26.8
54.556734694 27.1
55.118367347 27.2
55.379591837 27.3
55.636462585 27.4
55.849795918 27.5
56.067482993 27.6
56.289523810 27.7
56.507210884 27.8
56.742312925 28.1
57.007891156 28.2
57.247346939 28.3
57.478095238 28.4
57.704489796 28.5
57.930884354 28.6
58.135510204 28.7
58.353197279 28.8
58.675374150 29.1
58.997551020 29.2
59.271836735 29.3
59.502585034 29.4
59.707210884 29.5
59.937959184 29.6
60.160000000 29.7
60.395102041 29.8
60.621496599 30.1
60.860952381 30.2
61.074285714 30.3
61.300680272 30.4
61.514013605 30.5
61.744761905 30.6
61.988571429 30.7
62.241088435 30.8
62.606802721 31.1
63.332426304 31.2
63.638639456 31.3
63.878095238 31.4
64.091428571 31.5
64.326530612 31.6
64.561632653 31.7
64.766258503 31.8
65.001360544 32.1
65.232108844 32.2
65.471564626 32.3
65.671836735 32.4
65.893877551 32.5
66.120272109 32.6
66.359727891 32.7
66.607891156 32.8
67.030204082 33.1
67.578775510 33.2
67.859002268 33.3
68.078004535 33.4
68.288435374 33.5
68.506122449 33.6
68.738321995 33.7
68.935464853 33.8
69.207074830 34.1
69.498775510 34.2
69.725170068 34.3
69.968979592 34.4
70.156190476 34.5
70.400000000 34.6
70.626394558 34.7
70.865850340 34.8
71.205442177 35.1
71.710476190 35.2
71.989115646 35.3
72.193741497 35.4
72.424489796 35.5
72.668299320 35.6
72.903401361 35.7
73.108027211 35.8
73.460680272 36.1
73.835102041 36.2
74.091972789 36.3
74.318367347 36.4
74.527346939 36.5
74.740680272 36.6
74.975782313 36.7
75.237006803 36.8
75.585306122 37.1
76.085986395 37.2
76.338503401 37.3
76.551836735 37.4
76.795646259 37.5
77.004625850 37.6
77.226666667 37.7
77.461768707 37.8
77.709931973 38.1
78.027755102 38.2
78.288979592 38.3
78.506666667 38.4
78.724353741 38.5
78.976870748 38.6
79.216326531 38.7
79.496258503 38.8
79.973877551 39.1
80.422312925 39.2
80.661768707 39.3
80.892517007 39.4
81.118911565 39.5
81.362721088 39.6
81.562993197 39.7
81.806802721 39.8
82.037551020 40.1
82.263945578 40.2
82.494693878 40.3
82.729795918 40.4
82.973605442 40.5
83.208707483 40.6
83.448163265 40.7
83.687619048 40.8
84.048299320 41.1
84.484353741 41.2
84.741224490 41.3
84.958911565 41.4
85.159183673 41.5
85.381224490 41.6
85.603265306 41.7
85.872675737 41.8
86.173605442 42.1
86.539319728 42.2
86.761360544 42.3
86.979047619 42.4
87.201088435 42.5
87.423129252 42.6
87.671292517 42.7
87.949931973 42.8
88.328707483 43.1
88.825034014 43.2
89.108027211 43.3
89.347482993 43.4
89.569523810 43.5
89.795918367 43.6
90.017959184 43.7
90.235646259 43.8
90.466394558 44.1
90.718911565 44.2
90.949659864 44.3
91.154285714 44.4
91.398095238 44.5
91.672380952 44.6
91.964081633 44.7
92.351564626 44.8
92.908843537 45.1
93.370340136 45.2
93.644625850 45.3
93.905850340 45.4
94.140952381 45.5
94.371700680 45.6
94.606802721 45.7
94.883015873 45.8
95.203265306 46.1
95.586394558 46.2
95.830204082 46.3
96.057868481 46.4
96.278639456 46.5
96.524263039 46.6
96.762244898 46.7
97.019365079 46.8
97.297414966 47.1
97.667482993 47.2
97.906938776 47.3
98.137687075 47.4
98.351020408 47.5
98.577414966 47.6
98.812517007 47.7
99.047619048 47.8
99.368503401 48.1
99.735510204 48.2
99.988027211 48.3
100.210068027 48.4
100.440816327 48.5
100.699591837 48.6
100.989387755 48.7
101.398639456 48.8
102.177959184 49.1
102.756190476 49.2
103.318639456 49.3
103.971700680 49.4
104.672653061 49.5
105.347482993 49.6
106.083265306 49.7
106.331428571 49.8
106.623129252 50.1
106.984489796 50.2
107.254421769 50.3
107.480816327 50.4
107.696349206 50.5
107.877006803 50.6
108.099047619 50.7
108.299319728 50.8
108.517006803 51.1
108.725986395 51.2
108.939319728 51.3
109.165714286 51.4
109.352925170 51.5
109.544489796 51.6
109.775238095 51.7
110.049002268 51.8
110.545850340 52.1
111.351292517 52.2
111.616870748 52.3
111.856326531 52.4
112.100136054 52.5
112.357006803 52.6
112.592108844 52.7
112.835918367 52.8
113.097142857 53.1
113.393197279 53.2
113.610884354 53.3
113.863401361 53.4
114.081088435 53.5
114.324897959 53.6
114.546938776 53.7
114.768979592 53.8
115.056326531 54.1
115.522176871 54.2
115.796462585 54.3
116.022857143 54.4
116.288435374 54.5
116.519183673 54.6
116.764489796 54.7
116.998095238 54.8
117.272380952 55.1
117.607619048 55.2
117.825306122 55.3
118.064761905 55.4
118.282448980 55.5
118.534965986 55.6
118.787482993 55.7
119.118367347 55.8
119.727891156 56.1
121.399727891 56.2
121.704489796 56.3
122.126802721 56.4
122.318367347 56.5
122.549070295 56.6
122.718911565 56.7
122.927891156 56.8
123.345850340 57.1
124.133877551 57.2
124.342857143 57.3
124.588276644 57.4
124.776258503 57.5
124.990748299 57.6
125.183129252 57.7
125.433832200 57.8
125.744761905 58.1
126.188843537 58.2
126.336870748 58.3
126.528435374 58.4
126.741768707 58.5
126.968163265 58.6
127.251587302 58.7
127.499319728 58.8
127.934693878 59.1
128.731428571 59.2
129.558639456 59.3
130.690612245 59.4
131.060680272 59.5
131.260748299 59.6
131.453537415 59.7
131.609251701 59.8
131.818231293 60.1
132.506122449 60.2
133.725170068 60.3
133.961247166 60.4
134.334693878 60.5
135.244625850 60.6
136.244104308 60.7
136.920816327 60.8
137.482902494 61.1
138.133718821 61.2
139.302312925 61.3
140.027936508 61.4
140.477959184 61.5
141.008072562 61.6
141.543424036 61.7
142.460226757 61.8
143.598004535 62.1
144.381224490 62.2
144.770612245 62.3
145.055056689 62.4
145.322086168 62.5
145.554285714 62.6
145.815510204 62.7
146.084807256 62.8
146.442448980 63.1
146.842993197 63.2
147.100045351 63.3
147.365442177 63.4
147.624897959 63.5
147.903038549 63.6
148.167414966 63.7
148.551065760 63.8
149.072108844 64.1
149.562585034 64.2
149.867392290 64.3
150.122811791 64.4
150.325986395 64.5
150.593015873 64.6
150.834081633 64.7
151.080634921 64.8
151.359274376 65.1
151.713378685 65.2
151.974603175 65.3
152.218412698 65.4
152.474195011 65.5
152.711836735 65.6
152.967256236 65.7
153.280725624 65.8
153.820589569 66.1
154.552018141 66.2
154.871292517 66.3
155.120907029 66.4
155.347619048 66.5
155.567891156 66.6
155.817505669 66.7
156.038095238 66.8
156.281904762 67.1
156.546031746 67.2
156.758140590 67.3
156.961088435 67.4
157.199092971 67.5
157.454512472 67.6
157.692018141 67.7
158.000181406 67.8
158.377505669 68.1
158.901496599 68.2
159.172789116 68.3
159.460272109 68.4
159.764897959 68.5
160.031587302 68.6
160.252517007 68.7
160.500340136 68.8
160.705306122 69.1
160.942176871 69.2
161.145102041 69.3
161.381678005 69.4
161.593469388 69.5
161.837278912 69.6
162.121723356 69.7
162.499070295 69.8
163.178231293 70.1
164.559818594 70.2
164.855260771 70.3
165.095782313 70.4
165.327324263 70.5
165.715011338 70.6
165.964625850 70.7
166.196825397 70.8
166.440634921 71.1
166.748299320 71.2
167.084988662 71.3
167.343061224 71.4
167.570680272 71.5
167.810068027 71.6
168.031201814 71.7
168.240181406 71.8
168.582675737 72.1
168.829092971 72.2
169.124217687 72.3
169.332834467 72.4
169.580453515 72.5
169.832086168 72.6
170.065532880 72.7
170.277732426 72.8
170.549138322 73.1
170.788571429 73.2
171.044875283 73.3
171.299070295 73.4
171.517369615 73.5
171.728979592 73.6
171.997120181 73.7
172.245623583 73.8
172.686802721 74.1
173.127981859 74.2
173.476281179 74.3
173.766530612 74.4
174.026780045 74.5
174.284920635 74.6
174.497959184 74.7
174.735963719 74.8
174.991383220 75.1
175.218117914 75.2
175.484195011 75.3
175.714671202 75.4
175.942448980 75.5
176.164444444 75.6
176.413605442 75.7
176.727074830 75.8
177.198299320 76.1
177.849818594 76.2
178.150975057 76.3
178.404716553 76.4
178.839886621 76.5
179.536689342 76.6
179.783492063 76.7
179.995895692 76.8
180.203968254 77.1
180.668662132 77.2
180.885260771 77.3
181.065170068 77.4
181.323718821 77.5
181.637891156 77.6
181.918412698 77.7
182.278276644 77.8
182.851292517 78.1
183.369070295 78.2
183.713219955 78.3
184.029750567 78.4
184.285170068 78.5
184.510000000 78.6
184.743764172 78.7
184.993378685 78.8
185.201700680 79.1
185.480997732 79.2
185.707392290 79.3
185.933786848 79.4
186.171383220 79.5
186.409795918 79.6
186.700045351 79.7
187.100589569 79.8
187.820408163 80.1
188.339546485 80.2
188.945306122 80.3
190.787460317 80.4
190.993469388 80.5
191.568095238 80.6
191.800952381 80.7
192.014512472 80.8
192.238888889 81.1
192.519115646 81.2
192.779501134 81.3
193.157732426 81.4
193.850907029 81.5
194.589705215 81.6
195.593287982 81.7
196.800340136 81.8
198.408390023 82.1
199.254240363 82.2
199.494829932 82.3
199.773242630 82.4
199.999455782 82.5
200.265442177 82.6
200.512426304 82.7
200.733061224 82.8
200.988639456 83.1
201.249387755 83.2
201.495170068 83.3
201.708458050 83.4
201.921020408 83.5
202.181950113 83.6
202.414149660 83.7
202.637823129 83.8
202.918027211 84.1
203.238458050 84.2
203.483015873 84.3
203.713106576 84.4
203.942766440 84.5
204.207891156 84.6
204.421882086 84.7
204.663990930 84.8
204.875374150 85.1
205.180158730 85.2
205.405646259 85.3
205.622517007 85.4
205.837392290 85.5
206.082902494 85.6
206.295827664 85.7
206.512471655 85.8
206.809433107 86.1
207.238095238 86.2
207.481904762 86.3
207.719909297 86.4
207.915102041 86.5
208.172698413 86.6
208.410702948 86.7
208.633015873 86.8
208.869297052 87.1
209.246621315 87.2
209.473174603 87.3
209.690521542 87.4
209.896780045 87.5
210.117369615 87.6
210.391337868 87.7
210.726893424 87.8
211.371247166 88.1
212.071950113 88.2
212.772131519 88.3
213.855782313 88.4
214.192471655 88.5
214.496848073 88.6
214.738140590 88.7
214.986757370 88.8
215.200340136 89.1
215.394399093 89.2
215.673106576 89.3
215.913628118 89.4
216.120702948 89.5
216.346122449 89.6
216.624761905 89.7
216.905238095 89.8
217.303945578 90.1
218.087619048 90.2
218.897142857 90.3
219.498231293 90.4
219.706371882 90.5
219.945215420 90.6
220.202494331 90.7
220.457414966 90.8
221.106122449 91.1
221.611859410 91.2
222.115056689 91.3
222.735192744 91.4
223.237074830 91.5
223.724920635 91.6
224.131632653 91.7
224.602834467 91.8