2.586122449 0 1.1
3.330612245 80.5921 1.2
3.635374150 196.875 1.3
3.892244898 233.581 1.4
4.118639456 265.024 1.5
4.362448980 246.094 1.6
4.610612245 241.776 1.7
4.841360544 260.024 1.8
5.080816327 250.568 2.1
5.385578231 196.875 2.2
5.616326531 260.024 2.3
5.855782313 250.568 2.4
6.082176871 265.024 2.5
6.312925170 260.024 2.6
6.543673469 260.024 2.7
6.791836735 241.776 2.8
7.040000000 241.776 3.1
7.444897959 148.185 3.2
7.684353741 250.568 3.3
7.919455782 255.208 3.4
8.150204082 260.024 3.5
8.385306122 255.208 3.6
8.620408163 255.208 3.7
8.846802721 265.024 3.8
9.086258503 250.568 4.1
9.425850340 176.683 4.2
9.665306122 250.568 4.3
9.896054422 260.024 4.4
10.118095238 270.221 4.5
10.348843537 260.024 4.6
10.553469388 293.218 4.7
10.801632653 241.776 4.8
11.080272109 215.332 5.1
11.437278912 168.064 5.2
11.676734694 250.568 5.3
11.907482993 260.024 5.4
12.107755102 299.592 5.5
12.360272109 237.608 5.6
12.582312925 270.221 5.7
12.817414966 255.208 5.8
13.030748299 281.25 6.1
13.374693878 174.446 6.2
13.570612245 306.25 6.3
13.818775510 241.776 6.4
14.049523810 260.024 6.5
14.275918367 265.024 6.6
14.489251701 281.25 6.7
14.733061224 246.094 6.8
14.981224490 241.776 7.1
15.325170068 174.446 7.2
15.547210884 270.221 7.3
15.756190476 287.109 7.4
15.991292517 255.208 7.5
16.235102041 246.094 7.6
16.474557823 250.568 7.7
16.722721088 241.776 7.8
16.931700680 287.109 8.1
17.192925170 229.688 8.2
17.436734694 246.094 8.3
17.654421769 275.625 8.4
17.893877551 250.568 8.5
18.124625850 260.024 8.6
18.346666667 270.221 8.7
18.573061224 265.024 8.8
18.895238095 186.233 9.1
19.339319728 135.11 9.2
19.570068027 260.024 9.3
19.813877551 246.094 9.4
20.062040816 241.776 9.5
20.275374150 281.25 9.6
20.493061224 275.625 9.7
20.702040816 287.109 9.8
20.945850340 246.094 10.1
21.289795918 174.446 10.2
21.494421769 293.218 10.3
21.716462585 270.221 10.4
21.925442177 287.109 10.5
22.156190476 260.024 10.6
22.386938776 260.024 10.7
22.604625850 275.625 10.8
22.896326531 205.69 11.1
23.288163265 153.125 11.2
23.527619048 250.568 11.3
23.754013605 265.024 11.4
23.976054422 270.221 11.5
24.206802721 260.024 11.6
24.433197279 265.024 11.7
24.642176871 287.109 11.8
24.885986395 246.094 12.1
25.177687075 205.69 12.2
25.395374150 275.625 12.3
25.626122449 260.024 12.4
25.835102041 287.109 12.5
26.078911565 246.094 12.6
26.283537415 293.218 12.7
26.505578231 270.221 12.8
26.736326531 260.024 13.1
26.993197279 233.581 13.2
27.215238095 270.221 13.3
27.428571429 281.25 13.4
27.663673469 255.208 13.5
27.924897959 229.688 13.6
28.129523810 293.218 13.7
28.329795918 299.592 13.8
28.595374150 225.922 14.1
28.926258503 181.332 14.2
29.178775510 237.608 14.3
29.400816327 270.221 14.4
29.627210884 265.024 14.5
29.871020408 246.094 14.6
30.123537415 237.608 14.7
30.423945578 199.728 14.8
30.741768707 188.784 15.1
31.137959184 151.442 15.2
31.373061224 255.208 15.3
31.638639456 225.922 15.4
31.851972789 281.25 15.5
32.087074830 255.208 15.6
32.296054422 287.109 15.7
32.513741497 275.625 15.8
32.788027211 218.75 16.1
33.101496599 191.406 16.2
33.345306122 246.094 16.3
33.558639456 281.25 16.4
33.776326531 275.625 16.5
34.011428571 255.208 16.6
34.229115646 275.625 16.7
34.477278912 241.776 16.8
34.729795918 237.608 17.1
35.004081633 218.75 17.2
35.239183673 255.208 17.3
35.461224490 270.221 17.4
35.696326531 255.208 17.5
35.905306122 287.109 17.6
36.149115646 246.094 17.7
36.375510204 265.024 17.8
36.658503401 212.019 18.1
37.072108844 145.066 18.2
37.285442177 281.25 18.3
37.511836735 265.024 18.4
37.729523810 275.625 18.5
37.955918367 265.024 18.6
38.182312925 265.024 18.7
38.426122449 246.094 18.8
38.817959184 153.125 19.1
39.248979592 139.205 19.2
39.558095238 194.102 19.3
39.797551020 250.568 19.4
39.997823129 299.592 19.5
40.241632653 246.094 19.6
40.463673469 270.221 19.7
40.681360544 275.625 19.8
40.955646259 218.75 20.1
41.221224490 225.922 20.2
41.473741497 237.608 20.3
41.695782313 270.221 20.4
41.909115646 281.25 20.5
42.109387755 299.592 20.6
42.335782313 265.024 20.7
42.575238095 250.568 20.8
42.832108844 233.581 21.1
43.120181406 208.281 21.2
43.337868481 275.625 21.3
43.562811791 266.734 21.4
43.780498866 275.625 21.5
44.001814059 271.107 21.6
44.226757370 266.734 21.7
44.429931973 295.313 21.8
44.676643991 243.199 22.1
44.926984127 239.674 22.2
45.159183673 258.398 22.3
45.362358277 295.313 22.4
45.583673469 271.107 22.5
45.808616780 266.734 22.6
46.040816327 258.398 22.7
46.236734694 306.25 22.8
46.541496599 196.875 23.1
46.846258503 196.875 23.2
47.074829932 262.5 23.3
47.296145125 271.107 23.4
47.513832200 275.625 23.5
47.749659864 254.423 23.6
47.970975057 271.107 23.7
48.206802721 254.423 23.8
48.471655329 226.541 24.1
48.740136054 223.48 24.2
48.965079365 266.734 24.3
49.175510204 285.129 24.4
49.389569161 280.297 24.5
49.614512472 266.734 24.6
49.814058957 300.682 24.7
50.064399093 239.674 24.8
50.351020408 209.335 25.1
50.750113379 150.341 25.2
51.012789116 228.419 25.3
51.226122449 281.25 25.4
51.456870748 260.024 25.5
51.691972789 255.208 25.6
51.922721088 260.024 25.7
52.140408163 275.625 25.8
52.401632653 229.688 26.1
52.641088435 250.568 26.2
52.876190476 255.208 26.3
53.111292517 255.208 26.4
53.315918367 293.218 26.5
53.564081633 241.776 26.6
53.794829932 260.024 26.7
54.095238095 199.728 26.8
54.556734694 130.012 27.1
55.118367347 106.831 27.2
55.379591837 229.688 27.3
55.636462585 233.581 27.4
55.849795918 281.25 27.5
56.067482993 275.625 27.6
56.289523810 270.221 27.7
56.507210884 275.625 27.8
56.742312925 255.208 28.1
57.007891156 225.922 28.2
57.247346939 250.568 28.3
57.478095238 260.024 28.4
57.704489796 265.024 28.5
57.930884354 265.024 28.6
58.135510204 293.218 28.7
58.353197279 275.625 28.8
58.675374150 186.233 29.1
58.997551020 186.233 29.2
59.271836735 218.75 29.3
59.502585034 260.024 29.4
59.707210884 293.218 29.5
59.937959184 260.024 29.6
60.160000000 270.221 29.7
60.395102041 255.208 29.8
60.621496599 265.024 30.1
60.860952381 250.568 30.2
61.074285714 281.25 30.3
61.300680272 265.024 30.4
61.514013605 281.25 30.5
61.744761905 260.024 30.6
61.988571429 246.094 30.7
62.241088435 237.608 30.8
62.606802721 164.063 31.1
63.332426304 82.6875 31.2
63.638639456 195.942 31.3
63.878095238 250.568 31.4
64.091428571 281.25 31.5
64.326530612 255.208 31.6
64.561632653 255.208 31.7
64.766258503 293.218 31.8
65.001360544 255.208 32.1
65.232108844 260.024 32.2
65.471564626 250.568 32.3
65.671836735 299.592 32.4
65.893877551 270.221 32.5
66.120272109 265.024 32.6
66.359727891 250.568 32.7
66.607891156 241.776 32.8
67.030204082 142.075 33.1
67.578775510 109.375 33.2
67.859002268 214.112 33.3
68.078004535 273.97 33.4
68.288435374 285.129 33.5
68.506122449 275.625 33.6
68.738321995 258.398 33.7
68.935464853 304.348 33.8
69.207074830 220.905 34.1
69.498775510 205.69 34.2
69.725170068 265.024 34.3
69.968979592 246.094 34.4
70.156190476 320.494 34.5
70.400000000 246.094 34.6
70.626394558 265.024 34.7
70.865850340 250.568 34.8
71.205442177 176.683 35.1
71.710476190 118.804 35.2
71.989115646 215.332 35.3
72.193741497 293.218 35.4
72.424489796 260.024 35.5
72.668299320 246.094 35.6
72.903401361 255.208 35.7
73.108027211 293.218 35.8
73.460680272 170.139 36.1
73.835102041 160.247 36.2
74.091972789 233.581 36.3
74.318367347 265.024 36.4
74.527346939 287.109 36.5
74.740680272 281.25 36.6
74.975782313 255.208 36.7
75.237006803 229.688 36.8
75.585306122 172.266 37.1
76.085986395 119.837 37.2
76.338503401 237.608 37.3
76.551836735 281.25 37.4
76.795646259 246.094 37.5
77.004625850 287.109 37.6
77.226666667 270.221 37.7
77.461768707 255.208 37.8
77.709931973 241.776 38.1
78.027755102 188.784 38.2
78.288979592 229.688 38.3
78.506666667 275.625 38.4
78.724353741 275.625 38.5
78.976870748 237.608 38.6
79.216326531 250.568 38.7
79.496258503 214.338 38.8
79.973877551 125.623 39.1
80.422312925 133.799 39.2
80.661768707 250.568 39.3
80.892517007 260.024 39.4
81.118911565 265.024 39.5
81.362721088 246.094 39.6
81.562993197 299.592 39.7
81.806802721 246.094 39.8
82.037551020 260.024 40.1
82.263945578 265.024 40.2
82.494693878 260.024 40.3
82.729795918 255.208 40.4
82.973605442 246.094 40.5
83.208707483 255.208 40.6
83.448163265 250.568 40.7
83.687619048 250.568 40.8
84.048299320 166.352 41.1
84.484353741 137.598 41.2
84.741224490 233.581 41.3
84.958911565 275.625 41.4
85.159183673 299.592 41.5
85.381224490 270.221 41.6
85.603265306 270.221 41.7
85.872675737 222.709 41.8
86.173605442 199.382 42.1
86.539319728 164.063 42.2
86.761360544 270.221 42.3
86.979047619 275.625 42.4
87.201088435 270.221 42.5
87.423129252 270.221 42.6
87.671292517 241.776 42.7
87.949931973 215.332 42.8
88.328707483 158.405 43.1
88.825034014 120.888 43.2
89.108027211 212.019 43.3
89.347482993 250.568 43.4
89.569523810 270.221 43.5
89.795918367 265.024 43.6
90.017959184 270.221 43.7
90.235646259 275.625 43.8
90.466394558 260.024 44.1
90.718911565 237.608 44.2
90.949659864 260.024 44.3
91.154285714 293.218 44.4
91.398095238 246.094 44.5
91.672380952 218.75 44.6
91.964081633 205.69 44.7
92.351564626 154.846 44.8
92.908843537 107.666 45.1
93.370340136 130.012 45.2
93.644625850 218.75 45.3
93.905850340 229.688 45.4
94.140952381 255.208 45.5
94.371700680 260.024 45.6
94.606802721 255.208 45.7
94.883015873 217.224 45.8
95.203265306 187.354 46.1
95.586394558 156.605 46.2
95.830204082 246.094 46.3
96.057868481 263.546 46.4
96.278639456 271.775 46.5
96.524263039 244.276 46.6
96.762244898 252.12 46.7
97.019365079 233.354 46.8
97.297414966 215.789 47.1
97.667482993 162.132 47.2
97.906938776 250.568 47.3
98.137687075 260.024 47.4
98.351020408 281.25 47.5
98.577414966 265.024 47.6
98.812517007 255.208 47.7
99.047619048 255.208 47.8
99.368503401 186.983 48.1
99.735510204 163.485 48.2
99.988027211 237.608 48.3
100.210068027 270.221 48.4
100.440816327 260.024 48.5
100.699591837 231.861 48.6
100.989387755 207.042 48.7
101.398639456 146.609 48.8
102.177959184 76.9902 49.1
102.756190476 103.765 49.2
103.318639456 106.676 49.3
103.971700680 91.875 49.4
104.672653061 85.5978 49.5
105.347482993 88.9113 49.6
106.083265306 81.5459 49.7
106.331428571 241.776 49.8
106.623129252 205.69 50.1
106.984489796 166.039 50.2
107.254421769 222.278 50.3
107.480816327 265.024 50.4
107.696349206 278.38 50.5
107.877006803 332.12 50.6
108.099047619 270.221 50.7
108.299319728 299.592 50.8
108.517006803 275.625 51.1
108.725986395 287.109 51.2
108.939319728 281.25 51.3
109.165714286 265.024 51.4
109.352925170 320.494 51.5
109.544489796 313.21 51.6
109.775238095 260.024 51.7
110.049002268 219.167 51.8
110.545850340 120.761 52.1
111.351292517 74.4932 52.2
111.616870748 225.922 52.3
111.856326531 250.568 52.4
112.100136054 246.094 52.5
112.357006803 233.581 52.6
112.592108844 255.208 52.7
112.835918367 246.094 52.8
113.097142857 229.688 53.1
113.393197279 202.665 53.2
113.610884354 275.625 53.3
113.863401361 237.608 53.4
114.081088435 275.625 53.5
114.324897959 246.094 53.6
114.546938776 270.221 53.7
114.768979592 270.221 53.8
115.056326531 208.807 54.1
115.522176871 128.797 54.2
115.796462585 218.75 54.3
116.022857143 265.024 54.4
116.288435374 225.922 54.5
116.519183673 260.024 54.6
116.764489796 244.592 54.7
116.998095238 256.843 54.8
117.272380952 218.75 55.1
117.607619048 178.977 55.2
117.825306122 275.625 55.3
118.064761905 250.568 55.4
118.282448980 275.625 55.5
118.534965986 237.608 55.6
118.787482993 237.608 55.7
119.118367347 181.332 55.8
119.727891156 98.4375 56.1
121.399727891 35.8887 56.2
121.704489796 196.875 56.3
122.126802721 142.075 56.4
122.318367347 313.21 56.5
122.549070295 260.075 56.6
122.718911565 353.271 56.7
122.927891156 287.109 56.8
123.345850340 143.555 57.1
124.133877551 76.1395 57.2
124.342857143 287.109 57.3
124.588276644 244.479 57.4
124.776258503 319.18 57.5
124.990748299 279.734 57.6
125.183129252 311.881 57.7
125.433832200 239.327 57.8
125.744761905 192.97 58.1
126.188843537 135.11 58.2
126.336870748 405.331 58.3
126.528435374 313.21 58.4
126.741768707 281.25 58.5
126.968163265 265.024 58.6
127.251587302 211.697 58.7
127.499319728 242.197 58.8
127.934693878 137.813 59.1
128.731428571 75.3074 59.2
129.558639456 72.5329 59.3
130.690612245 53.0048 59.4
131.060680272 162.132 59.5
131.260748299 299.898 59.6
131.453537415 311.221 59.7
131.609251701 385.321 59.8
131.818231293 287.109 60.1
132.506122449 87.2231 60.2
133.725170068 49.2188 60.3
133.961247166 254.154 60.4
134.334693878 160.665 60.5
135.244625850 65.939 60.6
136.244104308 60.0313 60.7
136.920816327 88.664 60.8
137.482902494 106.745 61.1
138.133718821 92.1919 61.2
139.302312925 51.3437 61.3
140.027936508 82.6875 61.4
140.477959184 133.327 61.5
141.008072562 113.183 61.6
141.543424036 112.076 61.7
142.460226757 65.4448 61.8
143.598004535 52.7344 62.1
144.381224490 76.6068 62.2
144.770612245 154.088 62.3
145.055056689 210.938 62.4
145.322086168 224.694 62.5
145.554285714 258.398 62.6
145.815510204 229.688 62.7
146.084807256 222.802 62.8
146.442448980 167.766 63.1
146.842993197 149.796 63.2
147.100045351 233.416 63.3
147.365442177 226.077 63.4
147.624897959 231.253 63.5
147.903038549 215.718 63.6
148.167414966 226.949 63.7
148.551065760 156.392 63.8
149.072108844 115.154 64.1
149.562585034 122.33 64.2
149.867392290 196.846 64.3
150.122811791 234.908 64.4
150.325986395 295.313 64.5
150.593015873 224.694 64.6
150.834081633 248.895 64.7
151.080634921 243.355 64.8
151.359274376 215.332 65.1
151.713378685 169.442 65.2
151.974603175 229.688 65.3
152.218412698 246.094 65.4
152.474195011 234.574 65.5
152.711836735 252.481 65.6
152.967256236 234.908 65.7
153.280725624 191.406 65.8
153.820589569 111.139 66.1
154.552018141 82.0313 66.2
154.871292517 187.926 66.3
155.120907029 240.371 66.4
155.347619048 264.653 66.5
155.567891156 272.39 66.6
155.817505669 240.371 66.7
156.038095238 271.998 66.8
156.281904762 246.094 67.1
156.546031746 227.163 67.2
156.758140590 282.874 67.3
156.961088435 295.642 67.4
157.199092971 252.096 67.5
157.454512472 234.908 67.6
157.692018141 252.626 67.7
158.000181406 194.702 67.8
158.377505669 159.014 68.1
158.901496599 114.506 68.2
159.172789116 221.163 68.3
159.460272109 208.708 68.4
159.764897959 196.963 68.5
160.031587302 224.981 68.6
160.252517007 271.58 68.7
160.500340136 242.108 68.8
160.705306122 292.732 69.1
160.942176871 253.303 69.2
161.145102041 295.676 69.3
161.381678005 253.618 69.4
161.593469388 283.298 69.5
161.837278912 246.094 69.6
162.121723356 210.938 69.7
162.499070295 159.005 69.8
163.178231293 88.3443 70.1
164.559818594 43.4283 70.2
164.855260771 203.085 70.3
165.095782313 249.458 70.4
165.327324263 259.132 70.5
165.715011338 154.764 70.6
165.964625850 240.371 70.7
166.196825397 258.398 70.8
166.440634921 246.094 71.1
166.748299320 195.018 71.2
167.084988662 178.206 71.3
167.343061224 232.493 71.4
167.570680272 263.598 71.5
167.810068027 250.639 71.6
168.031201814 271.329 71.7
168.240181406 287.109 71.8
168.582675737 175.185 72.1
168.829092971 243.489 72.2
169.124217687 203.304 72.3
169.332834467 287.609 72.4
169.580453515 242.308 72.5
169.832086168 238.443 72.6
170.065532880 257.018 72.7
170.277732426 282.753 72.8
170.549138322 221.071 73.1
170.788571429 250.592 73.2
171.044875283 234.097 73.3
171.299070295 236.039 73.4
171.517369615 274.852 73.5
171.728979592 283.54 73.6
171.997120181 223.763 73.7
172.245623583 241.445 73.8
172.686802721 135.999 74.1
173.127981859 135.999 74.2
173.476281179 172.266 74.3
173.766530612 206.719 74.4
174.026780045 230.548 74.5
174.284920635 232.431 74.6
174.497959184 281.639 74.7
174.735963719 252.096 74.8
174.991383220 234.908 75.1
175.218117914 264.626 75.2
175.484195011 225.499 75.3
175.714671202 260.331 75.4
175.942448980 263.415 75.5
176.164444444 270.276 75.6
176.413605442 240.808 75.7
176.727074830 191.406 75.8
177.198299320 127.328 76.1
177.849818594 92.0924 76.2
178.150975057 199.232 76.3
178.404716553 236.461 76.4
178.839886621 137.877 76.5
179.536689342 86.1076 76.6
179.783492063 243.109 76.7
179.995895692 282.481 76.8
180.203968254 288.361 77.1
180.668662132 129.117 77.2
180.885260771 277.01 77.3
181.065170068 333.501 77.4
181.323718821 232.065 77.5
181.637891156 190.978 77.6
181.918412698 213.887 77.7
182.278276644 166.73 77.8
182.851292517 104.709 78.1
183.369070295 115.88 78.2
183.713219955 174.343 78.3
184.029750567 189.555 78.4
184.285170068 234.908 78.5
184.510000000 266.868 78.6
184.743764172 256.669 78.7
184.993378685 240.371 78.8
185.201700680 288.016 79.1
185.480997732 214.825 79.2
185.707392290 265.024 79.3
185.933786848 265.024 79.4
186.171383220 252.529 79.5
186.409795918 251.664 79.6
186.700045351 206.719 79.7
187.100589569 149.796 79.8
187.820408163 83.3543 80.1
188.339546485 115.576 80.2
188.945306122 99.0492 80.3
190.787460317 32.5706 80.4
190.993469388 291.249 80.5
191.568095238 104.416 80.6
191.800952381 257.669 80.7
192.014512472 280.951 80.8
192.238888889 267.408 81.1
192.519115646 214.112 81.2
192.779501134 230.428 81.3
193.157732426 158.633 81.4
193.850907029 86.5583 81.5
194.589705215 81.213 81.6
195.593287982 59.7858 81.7
196.800340136 49.7079 81.8
198.408390023 37.3123 82.1
199.254240363 70.9345 82.2
199.494829932 249.387 82.3
199.773242630 215.507 82.4
199.999455782 265.237 82.5
200.265442177 225.575 82.6
200.512426304 242.931 82.7
200.733061224 271.942 82.8
200.988639456 234.762 83.1
201.249387755 230.107 83.2
201.495170068 244.118 83.3
201.708458050 281.31 83.4
201.921020408 282.27 83.5
202.181950113 229.947 83.6
202.414149660 258.398 83.7
202.637823129 268.248 83.8
202.918027211 214.13 84.1
203.238458050 187.248 84.2
203.483015873 245.341 84.3
203.713106576 260.767 84.4
203.942766440 261.256 84.5
204.207891156 226.309 84.6
204.421882086 280.386 84.7
204.663990930 247.822 84.8
204.875374150 283.845 85.1
205.180158730 196.86 85.2
205.405646259 266.09 85.3
205.622517007 276.662 85.4
205.837392290 279.232 85.5
206.082902494 244.389 85.6
206.295827664 281.789 85.7
206.512471655 276.952 85.8
206.809433107 202.046 86.1
207.238095238 139.97 86.2
207.481904762 246.094 86.3
207.719909297 252.096 86.4
207.915102041 307.388 86.5
208.172698413 232.923 86.6
208.410702948 252.096 86.7
208.633015873 269.89 86.8
208.869297052 253.935 87.1
209.246621315 159.014 87.2
209.473174603 264.838 87.3
209.690521542 276.056 87.4
209.896780045 290.897 87.5
210.117369615 271.998 87.6
210.391337868 219.003 87.7
210.726893424 178.808 87.8
211.371247166 93.1166 88.1
212.071950113 85.6283 88.2
212.772131519 85.6921 88.3
213.855782313 55.3684 88.4
214.192471655 178.206 88.5
214.496848073 197.124 88.6
214.738140590 248.661 88.7
214.986757370 241.335 88.8
215.200340136 280.922 89.1
215.394399093 309.184 89.2
215.673106576 215.279 89.3
215.913628118 249.458 89.4
216.120702948 289.75 89.5
216.346122449 266.17 89.6
216.624761905 215.332 89.7
216.905238095 213.922 89.8
217.303945578 150.486 90.1
218.087619048 76.5625 90.2
218.897142857 74.1176 90.3
219.498231293 99.8189 90.4
219.706371882 288.267 90.5
219.945215420 251.21 90.6
220.202494331 233.21 90.7
220.457414966 235.367 90.8
221.106122449 92.4916 91.1
221.611859410 118.639 91.2
222.115056689 119.238 91.3
222.735192744 96.753 91.4
223.237074830 119.55 91.5
223.724920635 122.99 91.6
224.131632653 147.525 91.7
224.602834467 127.334 91.8