###data-type:		Global Beat Dynamics (0.2x2 smoothing; 100 ms delay)
###extraction-date:	Mon May 23 23:41:02 PDT 2022
1.733	70.8	1.1
2.708	69.2	1.2
3.112	81.2	1.3
3.37	78.1	1.4
3.622	78.8	1.5
3.857	78.8	1.6
4.101	76.8	1.7
4.458	80.5	1.8
4.773	82.0	2.1
5.094	78.8	2.2
5.368	82.3	2.3
5.59	79.3	2.4
5.866	77.7	2.5
6.052	78.8	2.6
6.304	72.1	2.7
6.574	75.4	2.8
6.888	82.3	3.1
7.245	76.1	3.2
7.532	80.9	3.3
7.776	79.8	3.4
8.037	80.3	3.5
8.255	87.5	3.6
8.49	81.2	3.7
8.751	81.7	3.8
9.047	84.6	4.1
9.308	79.6	4.2
9.566	81.4	4.3
9.796	81.1	4.4
10.032	80.3	4.5
10.266	84.6	4.6
10.493	75.5	4.7
10.806	78.6	4.8
11.159	80.8	5.1
11.598	70.2	5.2
11.955	78.5	5.3
12.269	84.0	5.4
12.525	81.1	5.5
12.73	82.5	5.6
12.957	84.5	5.7
13.227	82.6	5.8
13.444	81.8	6.1
13.775	78.0	6.2
14.01	80.1	6.3
14.298	87.4	6.4
14.574	78.9	6.5
14.768	79.0	6.6
15.012	80.1	6.7
15.299	80.3	6.8
15.621	80.6	7.1
16.03	76.0	7.2
16.292	78.5	7.3
16.544	79.2	7.4
16.762	79.4	7.5
17.006	81.9	7.6
17.25	79.2	7.7
17.485	82.3	7.8
17.72	86.5	8.1
17.972	82.0	8.2
18.199	80.7	8.3
18.469	79.1	8.4
18.696	78.9	8.5
18.956	80.2	8.6
19.219	75.1	8.7
19.513	76.7	8.8
19.836	75.9	9.1
20.489	69.9	9.2
20.825	72.9	9.3
21.02	77.8	9.4
21.264	76.8	9.5
21.507	79.5	9.6
21.76	82.6	9.7
22.073	82.2	9.8
22.352	84.4	10.1
22.622	79.5	10.2
22.84	78.6	10.3
23.084	84.5	10.4
23.293	80.1	10.5
23.545	79.9	10.6
23.789	83.0	10.7
24.059	82.3	10.8
24.433	83.4	11.1
24.79	83.6	11.2
25.043	84.0	11.3
25.287	82.2	11.4
25.529	82.6	11.5
25.748	81.6	11.6
25.957	81.4	11.7
26.201	84.3	11.8
26.453	83.3	12.1
26.715	82.7	12.2
26.924	82.0	12.3
27.176	78.0	12.4
27.368	78.7	12.5
27.629	77.9	12.6
27.838	76.5	12.7
28.116	80.6	12.8
28.449	83.2	13.1
28.822	79.4	13.2
29.101	81.0	13.3
29.353	87.2	13.4
29.582	83.7	13.5
29.797	83.5	13.6
30.029	84.1	13.7
30.302	79.9	13.8
30.685	87.2	14.1
31.051	80.3	14.2
31.303	81.8	14.3
31.547	80.4	14.4
31.774	78.4	14.5
32.017	84.1	14.6
32.244	79.3	14.7
32.549	78.3	14.8
32.984	77.3	15.1
33.62	72.5	15.2
33.89	74.1	15.3
34.142	74.8	15.4
34.377	76.7	15.5
34.638	76.9	15.6
34.913	82.8	15.7
35.117	84.4	15.8
35.344	80.4	16.1
35.622	76.8	16.2
35.84	80.6	16.3
36.084	83.3	16.4
36.293	78.2	16.5
36.563	77.8	16.6
36.798	74.9	16.7
37.085	81.0	16.8
37.451	75.9	17.1
37.79	77.4	17.2
38.034	77.6	17.3
38.287	80.9	17.4
38.511	80.6	17.5
38.722	80.3	17.6
38.962	81.5	17.7
39.227	81.9	17.8
39.515	85.5	18.1
39.837	78.1	18.2
40.083	80.5	18.3
40.333	79.3	18.4
40.559	78.5	18.5
40.838	83.4	18.6
41.064	79.1	18.7
41.352	79.2	18.8
41.691	75.9	19.1
42.336	72.9	19.2
42.684	76.4	19.3
42.971	78.0	19.4
43.209	75.7	19.5
43.442	79.6	19.6
43.677	86.3	19.7
43.929	82.1	19.8
44.26	77.9	20.1
44.626	82.6	20.2
44.91	84.6	20.3
45.122	87.2	20.4
45.349	85.4	20.5
45.575	83.4	20.6
45.819	80.3	20.7
46.089	81.8	20.8
46.367	86.9	21.1
46.629	81.0	21.2
46.838	80.3	21.3
47.081	81.3	21.4
47.325	79.3	21.5
47.56	78.3	21.6
47.795	78.6	21.7
48.057	85.8	21.8
48.335	83.2	22.1
48.588	79.8	22.2
48.814	79.2	22.3
49.067	79.5	22.4
49.284	76.5	22.5
49.537	79.1	22.6
49.763	78.1	22.7
50.051	77.5	22.8
50.381	77.7	23.1
50.808	76.8	23.2
51.035	82.3	23.3
51.313	83.6	23.4
51.548	89.4	23.5
51.801	81.4	23.6
52.042	85.3	23.7
52.245	85.3	23.8
52.53	85.4	24.1
52.767	85.7	24.2
52.968	83.6	24.3
53.22	81.7	24.4
53.42	86.7	24.5
53.656	82.7	24.6
53.908	82.2	24.7
54.221	88.7	24.8
54.544	87.3	25.1
54.979	82.3	25.2
55.233	84.1	25.3
55.458	83.7	25.4
55.676	81.6	25.5
55.902	79.5	25.6
56.172	87.6	25.7
56.407	83.9	25.8
56.651	80.3	26.1
56.921	80.8	26.2
57.173	83.3	26.3
57.435	83.2	26.4
57.635	82.5	26.5
57.887	80.3	26.6
58.149	87.9	26.7
58.41	84.2	26.8
58.744	84.0	27.1
59.272	87.2	27.2
59.578	86.3	27.3
59.803	84.0	27.4
60.057	84.2	27.5
60.262	82.2	27.6
60.495	80.4	27.7
60.709	81.9	27.8
60.973	83.1	28.1
61.211	84.1	28.2
61.476	82.4	28.3
61.702	79.4	28.4
61.923	80.1	28.5
62.163	78.7	28.6
62.38	78.3	28.7
62.618	83.1	28.8
62.964	85.4	29.1
63.304	81.8	29.2
63.558	80.8	29.3
63.787	80.2	29.4
64.005	80.7	29.5
64.244	89.2	29.6
64.477	86.4	29.7
64.691	82.3	29.8
64.945	83.6	30.1
65.158	82.3	30.2
65.417	81.7	30.3
65.656	82.2	30.4
65.864	81.1	30.5
66.083	88.7	30.6
66.367	86.7	30.7
66.606	83.6	30.8
66.961	82.1	31.1
67.581	82.7	31.2
67.865	82.9	31.3
68.109	83.5	31.4
68.358	81.3	31.5
68.561	87.1	31.6
68.8	83.2	31.7
69.003	87.4	31.8
69.308	90.0	32.1
69.529	83.0	32.2
69.747	81.1	32.3
70.008	83.0	32.4
70.208	82.4	32.5
70.435	82.0	32.6
70.67	82.2	32.7
70.914	83.9	32.8
71.227	85.0	33.1
71.602	78.0	33.2
71.854	80.8	33.3
72.124	81.8	33.4
72.345	78.4	33.5
72.594	86.8	33.6
72.85	81.4	33.7
73.117	82.0	33.8
73.404	81.8	34.1
73.726	79.3	34.2
74.01	77.7	34.3
74.24	73.9	34.4
74.46	72.2	34.5
74.693	77.5	34.6
74.935	76.2	34.7
75.215	84.4	34.8
75.494	82.4	35.1
75.964	74.6	35.2
76.235	78.8	35.3
76.452	84.6	35.4
76.674	82.5	35.5
76.922	77.7	35.6
77.122	79.9	35.7
77.392	87.5	35.8
77.627	84.3	36.1
77.932	80.6	36.2
78.141	78.4	36.3
78.376	81.6	36.4
78.594	79.6	36.5
78.829	79.1	36.6
79.098	78.9	36.7
79.369	81.1	36.8
79.656	78.0	37.1
80.074	76.3	37.2
80.335	83.1	37.3
80.605	78.1	37.4
80.805	84.5	37.5
81.041	84.1	37.6
81.267	78.5	37.7
81.519	87.1	37.8
81.781	80.3	38.1
82.233	79.5	38.2
82.493	86.8	38.3
82.686	83.6	38.4
82.921	80.0	38.5
83.156	82.4	38.6
83.365	79.2	38.7
83.67	80.5	38.8
84.071	78.8	39.1
84.602	70.2	39.2
84.872	70.5	39.3
85.133	78.8	39.4
85.333	74.7	39.5
85.586	75.9	39.6
85.812	79.1	39.7
86.056	82.7	39.8
86.274	78.0	40.1
86.552	74.8	40.2
86.761	77.9	40.3
87.014	82.3	40.4
87.223	78.2	40.5
87.449	77.7	40.6
87.65	78.7	40.7
87.928	78.4	40.8
88.181	79.0	41.1
88.581	83.1	41.2
88.842	80.0	41.3
89.069	77.0	41.4
89.278	79.9	41.5
89.53	79.1	41.6
89.731	77.0	41.7
90.018	81.4	41.8
90.279	80.4	42.1
90.575	81.0	42.2
90.845	80.3	42.3
91.063	84.5	42.4
91.246	82.3	42.5
91.49	82.8	42.6
91.69	82.0	42.7
91.942	80.4	42.8
92.195	82.0	43.1
92.552	83.1	43.2
92.804	86.6	43.3
93.022	84.9	43.4
93.248	82.6	43.5
93.484	84.2	43.6
93.675	85.1	43.7
93.928	84.5	43.8
94.163	82.1	44.1
94.441	81.2	44.2
94.69	80.6	44.3
94.894	84.5	44.4
95.094	83.2	44.5
95.373	82.5	44.6
95.608	81.2	44.7
95.948	82.1	44.8
96.34	82.3	45.1
96.984	85.8	45.2
97.289	82.8	45.3
97.524	81.9	45.4
97.741	79.7	45.5
97.968	82.0	45.6
98.241	80.0	45.7
98.49	81.5	45.8
98.871	88.4	46.1
99.204	82.9	46.2
99.431	80.1	46.3
99.675	79.5	46.4
99.91	77.2	46.5
100.124	79.9	46.6
100.354	75.2	46.7
100.632	77.1	46.8
100.998	81.0	47.1
101.338	78.5	47.2
101.634	76.3	47.3
101.851	77.8	47.4
102.049	77.7	47.5
102.304	78.4	47.6
102.55	74.9	47.7
102.783	77.6	47.8
103.097	82.5	48.1
103.61	75.6	48.2
103.88	74.7	48.3
104.15	75.6	48.4
104.385	75.4	48.5
104.629	77.8	48.6
104.88	73.9	48.7
105.23	77.1	48.8
106.092	80.9	49.1
106.667	78.0	49.2
107.346	64.7	49.3
107.86	51.9	49.4
108.312	46.0	49.5
108.756	67.0	49.6
109.227	80.1	49.7
109.43	78.2	49.8
109.708	77.9	50.1
109.897	77.3	50.2
110.074	75.9	50.3
110.289	76.7	50.4
110.472	80.8	50.5
110.654	78.7	50.6
110.907	80.5	50.7
111.125	76.8	50.8
111.308	78.9	51.1
111.619	77.3	51.2
111.813	77.5	51.3
112.048	77.3	51.4
112.239	75.4	51.5
112.466	71.6	51.6
112.684	71.9	51.7
112.927	70.7	51.8
113.145	74.4	52.1
113.798	73.8	52.2
114.138	77.4	52.3
114.382	84.2	52.4
114.617	80.7	52.5
114.865	79.5	52.6
115.148	81.5	52.7
115.373	81.9	52.8
115.661	82.2	53.1
115.972	79.0	53.2
116.238	77.0	53.3
116.465	85.7	53.4
116.702	80.5	53.5
116.937	78.7	53.6
117.2	79.2	53.7
117.481	79.6	53.8
117.812	80.3	54.1
118.268	80.7	54.2
118.509	78.2	54.3
118.74	81.4	54.4
118.959	83.4	54.5
119.187	85.6	54.6
119.406	81.2	54.7
119.655	81.9	54.8
119.946	84.4	55.1
120.183	81.9	55.2
120.432	80.2	55.3
120.645	81.6	55.4
120.89	81.4	55.5
121.087	83.7	55.6
121.371	79.3	55.7
121.62	80.0	55.8
122.035	82.0	56.1
122.946	78.6	56.2
123.182	78.7	56.3
123.378	81.2	56.4
123.6	78.9	56.5
123.754	81.5	56.6
123.987	78.1	56.7
124.17	79.7	56.8
124.334	77.4	57.1
124.709	76.6	57.2
124.979	76.1	57.3
125.166	76.2	57.4
125.336	79.1	57.5
125.567	82.7	57.6
125.806	81.1	57.7
125.999	83.6	57.8
126.18	85.0	58.1
126.451	78.3	58.2
126.659	81.0	58.3
126.883	81.4	58.4
127.083	81.6	58.5
127.33	80.0	58.6
127.591	80.5	58.7
127.909	84.0	58.8
128.279	81.2	59.1
128.655	82.8	59.2
128.953	84.7	59.3
129.336	81.0	59.4
129.571	80.7	59.5
129.798	80.1	59.6
130.011	79.5	59.7
130.27	82.9	59.8
130.582	80.7	60.1
130.987	80.4	60.2
131.419	82.3	60.3
131.642	80.6	60.4
131.971	80.7	60.5
132.262	86.2	60.6
132.714	82.1	60.7
132.983	78.5	60.8
133.268	80.1	61.1
133.633	82.2	61.2
134.095	83.3	61.3
134.319	79.1	61.4
134.749	79.6	61.5
135.365	78.8	61.6
136.002	80.0	61.7
136.452	79.9	61.8
137.596	75.2	62.1
138.601	74.9	62.2
138.919	74.5	62.3
139.18	77.7	62.4
139.381	77.9	62.5
139.657	79.9	62.6
139.86	75.5	62.7
140.15	79.7	62.8
140.443	79.5	63.1
140.673	82.7	63.2
140.87	80.4	63.3
141.115	79.8	63.4
141.322	83.0	63.5
141.562	81.9	63.6
141.784	79.4	63.7
142.085	87.6	63.8
142.454	82.0	64.1
142.817	80.8	64.2
143.047	79.5	64.3
143.314	80.8	64.4
143.525	80.0	64.5
143.761	82.1	64.6
143.996	80.7	64.7
144.284	82.7	64.8
144.57	83.8	65.1
144.828	80.7	65.2
145.041	84.4	65.3
145.275	83.0	65.4
145.485	81.3	65.5
145.727	83.0	65.6
145.955	79.6	65.7
146.225	90.0	65.8
146.573	81.0	66.1
147.012	76.1	66.2
147.296	78.0	66.3
147.51	77.4	66.4
147.757	78.6	66.5
147.977	76.7	66.6
148.193	80.1	66.7
148.475	78.8	66.8
148.741	80.6	67.1
149.029	86.5	67.2
149.272	85.9	67.3
149.511	87.9	67.4
149.716	81.5	67.5
149.923	88.1	67.6
150.161	82.4	67.7
150.441	86.0	67.8
150.718	84.2	68.1
151.177	84.3	68.2
151.423	82.4	68.3
151.644	85.7	68.4
151.852	84.0	68.5
152.066	86.0	68.6
152.303	83.6	68.7
152.543	84.8	68.8
152.824	83.2	69.1
153.173	84.0	69.2
153.374	81.9	69.3
153.63	84.2	69.4
153.826	83.6	69.5
154.088	81.7	69.6
154.305	81.7	69.7
154.58	82.8	69.8
154.915	83.3	70.1
155.23	80.4	70.2
155.481	78.7	70.3
155.698	80.5	70.4
155.899	82.1	70.5
156.104	79.2	70.6
156.299	81.6	70.7
156.51	84.0	70.8
156.7	83.2	71.1
156.947	82.4	71.2
157.182	81.5	71.3
157.394	79.7	71.4
157.576	82.8	71.5
157.775	81.1	71.6
157.977	83.3	71.7
158.207	79.2	71.8
158.407	83.4	72.1
158.613	80.0	72.2
158.824	80.6	72.3
159.03	83.1	72.4
159.199	82.0	72.5
159.411	81.4	72.6
159.599	82.0	72.7
159.827	83.9	72.8
160.061	81.1	73.1
160.254	79.4	73.2
160.491	83.1	73.3
160.691	76.9	73.4
160.932	80.5	73.5
161.117	77.7	73.6
161.35	79.0	73.7
161.595	72.0	73.8
161.794	71.8	74.1
162.169	74.5	74.2
162.412	81.0	74.3
162.657	82.1	74.4
162.865	81.9	74.5
163.078	84.2	74.6
163.309	85.3	74.7
163.535	86.2	74.8
163.736	86.6	75.1
163.952	84.9	75.2
164.153	84.4	75.3
164.394	83.5	75.4
164.629	84.0	75.5
164.83	84.7	75.6
165.05	87.1	75.7
165.283	83.8	75.8
165.651	86.7	76.1
165.963	83.5	76.2
166.206	83.1	76.3
166.451	78.8	76.4
166.725	78.7	76.5
167.182	76.3	76.6
167.401	80.6	76.7
167.599	80.2	76.8
167.776	83.6	77.1
168.061	79.9	77.2
168.237	79.6	77.3
168.467	81.9	77.4
168.737	80.5	77.5
168.97	83.7	77.6
169.158	81.7	77.7
169.392	85.3	77.8
169.561	78.4	78.1
170.001	83.0	78.2
170.272	85.6	78.3
170.453	85.6	78.4
170.684	86.4	78.5
170.916	83.7	78.6
171.146	79.7	78.7
171.434	83.7	78.8
171.712	82.6	79.1
171.881	82.7	79.2
172.103	82.3	79.3
172.323	82.9	79.4
172.539	81.5	79.5
172.759	85.4	79.6
173	85.5	79.7
173.267	84.0	79.8
173.592	83.2	80.1
174.131	82.3	80.2
174.872	82.5	80.3
175.37	81.4	80.4
175.613	79.0	80.5
175.843	80.7	80.6
176.039	80.5	80.7
176.218	79.0	80.8
176.437	82.7	81.1
176.627	82.1	81.2
176.814	83.5	81.3
177.163	78.6	81.4
177.478	80.3	81.5
178.051	80.2	81.6
178.651	77.2	81.7
179.261	80.2	81.8
180.384	82.9	82.1
181.176	73.5	82.2
181.56	80.7	82.3
181.851	79.3	82.4
182.082	79.7	82.5
182.319	78.8	82.6
182.535	77.7	82.7
182.827	84.0	82.8
183.205	88.3	83.1
183.523	82.4	83.2
183.78	83.0	83.3
184.005	81.5	83.4
184.244	81.1	83.5
184.472	86.9	83.6
184.726	81.0	83.7
184.98	83.2	83.8
185.316	84.7	84.1
185.575	79.3	84.2
185.818	81.0	84.3
186.108	82.4	84.4
186.358	80.6	84.5
186.596	82.7	84.6
186.828	79.1	84.7
187.114	80.7	84.8
187.372	85.9	85.1
187.677	78.8	85.2
187.907	79.9	85.3
188.13	78.1	85.4
188.354	77.4	85.5
188.597	80.8	85.6
188.855	76.3	85.7
189.12	77.7	85.8
189.527	81.3	86.1
189.958	78.4	86.2
190.299	83.2	86.3
190.583	87.2	86.4
190.811	85.1	86.5
191.04	84.0	86.6
191.254	80.8	86.7
191.507	82.0	86.8
191.756	83.6	87.1
192.01	81.9	87.2
192.261	81.8	87.3
192.518	86.3	87.4
192.752	83.6	87.5
192.95	83.4	87.6
193.228	85.1	87.7
193.498	86.8	87.8
194.038	83.1	88.1
194.397	78.8	88.2
194.781	74.9	88.3
195.154	79.6	88.4
195.338	79.0	88.5
195.515	84.0	88.6
195.727	80.3	88.7
195.931	77.0	88.8
196.171	79.0	89.1
196.383	78.1	89.2
196.789	77.8	89.3
196.963	82.3	89.4
197.155	81.0	89.5
197.364	81.8	89.6
197.602	80.0	89.7
197.857	84.5	89.8
198.235	84.4	90.1
198.695	79.7	90.2
199.14	81.9	90.3
199.39	80.8	90.4
199.645	82.3	90.5
199.919	79.6	90.6
200.179	80.7	90.7
200.432	79.5	90.8
200.908	83.7	91.1
201.453	78.2	91.2
201.938	77.2	91.3
202.405	76.9	91.4
202.786	76.8	91.5
203.317	68.3	91.6
203.86	50.4	91.7
204.445	37.7	91.8
