1.732789116 1.1
2.708027211 1.2
3.112335601 1.3
3.369795918 1.4
3.622312925 1.5
3.857414966 1.6
4.101224490 1.7
4.458231293 1.8
4.773151927 2.1
5.093877551 2.2
5.367913832 2.3
5.590204082 2.4
5.865510204 2.5
6.051700680 2.6
6.304217687 2.7
6.574149660 2.8
6.887619048 3.1
7.244625850 3.2
7.531972789 3.3
7.775782313 3.4
8.037006803 3.5
8.254693878 3.6
8.489795918 3.7
8.751020408 3.8
9.047074830 4.1
9.308299320 4.2
9.566326531 4.3
9.795918367 4.4
10.032018141 4.5
10.266122449 4.6
10.492857143 4.7
10.805986395 4.8
11.159115646 5.1
11.598367347 5.2
11.955374150 5.3
12.268843537 5.4
12.525306122 5.5
12.730340136 5.6
12.956734694 5.7
13.226666667 5.8
13.444353741 6.1
13.775238095 6.2
14.010340136 6.3
14.297687075 6.4
14.574489796 6.5
14.767891156 6.6
15.011700680 6.7
15.299047619 6.8
15.621224490 7.1
16.030476190 7.2
16.291700680 7.3
16.544217687 7.4
16.761904762 7.5
17.005714286 7.6
17.249523810 7.7
17.484625850 7.8
17.719727891 8.1
17.972244898 8.2
18.198639456 8.3
18.468571429 8.4
18.695714286 8.5
18.956190476 8.6
19.218594104 8.7
19.513469388 8.8
19.835646259 9.1
20.488707483 9.2
20.824557823 9.3
21.019863946 9.4
21.263673469 9.5
21.507482993 9.6
21.760000000 9.7
22.073469388 9.8
22.352108844 10.1
22.622040816 10.2
22.839727891 10.3
23.083537415 10.4
23.292517007 10.5
23.545034014 10.6
23.788843537 10.7
24.058775510 10.8
24.433197279 11.1
24.790204082 11.2
25.042721088 11.3
25.286530612 11.4
25.528820862 11.5
25.748027211 11.6
25.957006803 11.7
26.200816327 11.8
26.453333333 12.1
26.714557823 12.2
26.923537415 12.3
27.176054422 12.4
27.367619048 12.5
27.628843537 12.6
27.837823129 12.7
28.116462585 12.8
28.449433107 13.1
28.821768707 13.2
29.101496599 13.3
29.352925170 13.4
29.581768707 13.5
29.797006803 13.6
30.028866213 13.7
30.302040816 13.8
30.685170068 14.1
31.050884354 14.2
31.303401361 14.3
31.547210884 14.4
31.773605442 14.5
32.017414966 14.6
32.243809524 14.7
32.548571429 14.8
32.983945578 15.1
33.619591837 15.2
33.889523810 15.3
34.142040816 15.4
34.377142857 15.5
34.638367347 15.6
34.913424036 15.7
35.117278912 15.8
35.343673469 16.1
35.622312925 16.2
35.840000000 16.3
36.083809524 16.4
36.292789116 16.5
36.562721088 16.6
36.797823129 16.7
37.085170068 16.8
37.450884354 17.1
37.790476190 17.2
38.034285714 17.3
38.286802721 17.4
38.510612245 17.5
38.722176871 17.6
38.961609977 17.7
39.227210884 17.8
39.514557823 18.1
39.836734694 18.2
40.082993197 18.3
40.333061224 18.4
40.559455782 18.5
40.838095238 18.6
41.064489796 18.7
41.351836735 18.8
41.691428571 19.1
42.335782313 19.2
42.684081633 19.3
42.971428571 19.4
43.208843537 19.5
43.441632653 19.6
43.676734694 19.7
43.929251701 19.8
44.260136054 20.1
44.625850340 20.2
44.910385488 20.3
45.122176871 20.4
45.348571429 20.5
45.574965986 20.6
45.818775510 20.7
46.088707483 20.8
46.367346939 21.1
46.628571429 21.2
46.837551020 21.3
47.081360544 21.4
47.325170068 21.5
47.560272109 21.6
47.795374150 21.7
48.056598639 21.8
48.335238095 22.1
48.587755102 22.2
48.814149660 22.3
49.066666667 22.4
49.284353741 22.5
49.536870748 22.6
49.763265306 22.7
50.050612245 22.8
50.380612245 23.1
50.808163265 23.2
51.034557823 23.3
51.313197279 23.4
51.548299320 23.5
51.800816327 23.6
52.042131519 23.7
52.244897959 23.8
52.529841270 24.1
52.767346939 24.2
52.967619048 24.3
53.220136054 24.4
53.420408163 24.5
53.655510204 24.6
53.908027211 24.7
54.221496599 24.8
54.543673469 25.1
54.979047619 25.2
55.232607710 25.3
55.457959184 25.4
55.675646259 25.5
55.902040816 25.6
56.171972789 25.7
56.407074830 25.8
56.650884354 26.1
56.920816327 26.2
57.173333333 26.3
57.434557823 26.4
57.634829932 26.5
57.887346939 26.6
58.148571429 26.7
58.409795918 26.8
58.743650794 27.1
59.271836735 27.2
59.578435374 27.3
59.802993197 27.4
60.056961451 27.5
60.261587302 27.6
60.495238095 27.7
60.708571429 27.8
60.972698413 28.1
61.211428571 28.2
61.475555556 28.3
61.701950113 28.4
61.922539683 28.5
62.163446712 28.6
62.379682540 28.7
62.618412698 28.8
62.963809524 29.1
63.304126984 29.2
63.558095238 29.3
63.786666667 29.4
64.005079365 29.5
64.243809524 29.6
64.477460317 29.7
64.690793651 29.8
64.944761905 30.1
65.158095238 30.2
65.417142857 30.3
65.655873016 30.4
65.864126984 30.5
66.082539683 30.6
66.366984127 30.7
66.605714286 30.8
66.961269841 31.1
67.580952381 31.2
67.865396825 31.3
68.109206349 31.4
68.358095238 31.5
68.561269841 31.6
68.800000000 31.7
69.003174603 31.8
69.307936508 32.1
69.529251701 32.2
69.746938776 32.3
70.008163265 32.4
70.208435374 32.5
70.434829932 32.6
70.669931973 32.7
70.913741497 32.8
71.227210884 33.1
71.601632653 33.2
71.854149660 33.3
72.124081633 33.4
72.344761905 33.5
72.594285714 33.6
72.850181406 33.7
73.116734694 33.8
73.404081633 34.1
73.726258503 34.2
74.009591837 34.3
74.240000000 34.4
74.460476190 34.5
74.692789116 34.6
74.935192744 34.7
75.215238095 34.8
75.493877551 35.1
75.964081633 35.2
76.234625850 35.3
76.451700680 35.4
76.674467120 35.5
76.921904762 35.6
77.122176871 35.7
77.392108844 35.8
77.627210884 36.1
77.931972789 36.2
78.140952381 36.3
78.376054422 36.4
78.593741497 36.5
78.828843537 36.6
79.097641723 36.7
79.368707483 36.8
79.656054422 37.1
80.074013605 37.2
80.335238095 37.3
80.605170068 37.4
80.805442177 37.5
81.040544218 37.6
81.266938776 37.7
81.519455782 37.8
81.780680272 38.1
82.233469388 38.2
82.493015873 38.3
82.686258503 38.4
82.921360544 38.5
83.156462585 38.6
83.365442177 38.7
83.670204082 38.8
84.070748299 39.1
84.601904762 39.2
84.871836735 39.3
85.133061224 39.4
85.333333333 39.5
85.585850340 39.6
85.812244898 39.7
86.056054422 39.8
86.273741497 40.1
86.552380952 40.2
86.761360544 40.3
87.013877551 40.4
87.222857143 40.5
87.449251701 40.6
87.649523810 40.7
87.928163265 40.8
88.180680272 41.1
88.581224490 41.2
88.842448980 41.3
89.068843537 41.4
89.277823129 41.5
89.530340136 41.6
89.730612245 41.7
90.017959184 41.8
90.279183673 42.1
90.575238095 42.2
90.845170068 42.3
91.062857143 42.4
91.245714286 42.5
91.489523810 42.6
91.689795918 42.7
91.942312925 42.8
92.194829932 43.1
92.551836735 43.2
92.804353741 43.3
93.022040816 43.4
93.248435374 43.5
93.483537415 43.6
93.675102041 43.7
93.927619048 43.8
94.162721088 44.1
94.441360544 44.2
94.689501134 44.3
94.894149660 44.4
95.094421769 44.5
95.373061224 44.6
95.607732426 44.7
95.947755102 44.8
96.339591837 45.1
96.983945578 45.2
97.288707483 45.3
97.523809524 45.4
97.741496599 45.5
97.967891156 45.6
98.240589569 45.7
98.490340136 45.8
98.870566893 46.1
99.204353741 46.2
99.430748299 46.3
99.674557823 46.4
99.909659864 46.5
100.124444444 46.6
100.353741497 46.7
100.632380952 46.8
100.998095238 47.1
101.337687075 47.2
101.634058957 47.3
101.851428571 47.4
102.049115646 47.5
102.304217687 47.6
102.549637188 47.7
102.783129252 47.8
103.096598639 48.1
103.610340136 48.2
103.880272109 48.3
104.150204082 48.4
104.385306122 48.5
104.629115646 48.6
104.879886621 48.7
105.229931973 48.8
106.091972789 49.1
106.666666667 49.2
107.346190476 49.3
107.859591837 49.4
108.312380952 49.5
108.756462585 49.6
109.226666667 49.7
109.429841270 49.8
109.708480726 50.1
109.897142857 50.2
110.074195011 50.3
110.288979592 50.4
110.471836735 50.5
110.653968254 50.6
110.907210884 50.7
111.124897959 50.8
111.307755102 51.1
111.619047619 51.2
111.812789116 51.3
112.047891156 51.4
112.239455782 51.5
112.465850340 51.6
112.683537415 51.7
112.927346939 51.8
113.145034014 52.1
113.798095238 52.2
114.137687075 52.3
114.382222222 52.4
114.616598639 52.5
114.864761905 52.6
115.147755102 52.7
115.372698413 52.8
115.661496599 53.1
115.972063492 53.2
116.238412698 53.3
116.464761905 53.4
116.701791383 53.5
116.937142857 53.6
117.199977324 53.7
117.480634921 53.8
117.812244898 54.1
118.267936508 54.2
118.508843537 54.3
118.740317460 54.4
118.958730159 54.5
119.187301587 54.6
119.405714286 54.7
119.654603175 54.8
119.946009070 55.1
120.182857143 55.2
120.431655329 55.3
120.645079365 55.4
120.889954649 55.5
121.086984127 55.6
121.371360544 55.7
121.620317460 55.8
122.035374150 56.1
122.946031746 56.2
123.181859410 56.3
123.377777778 56.4
123.599818594 56.5
123.753650794 56.6
123.987097506 56.7
124.170158730 56.8
124.334149660 57.1
124.708571429 57.2
124.978503401 57.3
125.165714286 57.4
125.335510204 57.5
125.566984127 57.6
125.805714286 57.7
125.998730159 57.8
126.180136054 58.1
126.450793651 58.2
126.659047619 58.3
126.882539683 58.4
127.082811791 58.5
127.329523810 58.6
127.590748299 58.7
127.908571429 58.8
128.278639456 59.1
128.655238095 59.2
128.952902494 59.3
129.335873016 59.4
129.570521542 59.5
129.798095238 59.6
130.011428571 59.7
130.270476190 59.8
130.581995465 60.1
130.986666667 60.2
131.419138322 60.3
131.641904762 60.4
131.970612245 60.5
132.261587302 60.6
132.713650794 60.7
132.982857143 60.8
133.268027211 61.1
133.633015873 61.2
134.095238095 61.3
134.318730159 61.4
134.749070295 61.5
135.365079365 61.6
136.002176871 61.7
136.452063492 61.8
137.595646259 62.1
138.600634921 62.2
138.919183673 62.3
139.179682540 62.4
139.380680272 62.5
139.657142857 62.6
139.859591837 62.7
140.149841270 62.8
140.442993197 63.1
140.673015873 63.2
140.869659864 63.3
141.114920635 63.4
141.322448980 63.5
141.561904762 63.6
141.783945578 63.7
142.085079365 63.8
142.454421769 64.1
142.816507937 64.2
143.046530612 64.3
143.314285714 64.4
143.525442177 64.5
143.761269841 64.6
143.995646259 64.7
144.284444444 64.8
144.570340136 65.1
144.827936508 65.2
145.040544218 65.3
145.274920635 65.4
145.484625850 65.5
145.726984127 65.6
145.954829932 65.7
146.224761905 65.8
146.572970522 66.1
147.012063492 66.2
147.295782313 66.3
147.509841270 66.4
147.757278912 66.5
147.977142857 66.6
148.192653061 66.7
148.474920635 66.8
148.741224490 67.1
149.028571429 67.2
149.272380952 67.3
149.511111111 67.4
149.716462585 67.5
149.922539683 67.6
150.160544218 67.7
150.440634921 67.8
150.717823129 68.1
151.177142857 68.2
151.423129252 68.3
151.644444444 68.4
151.851768707 68.5
152.066031746 68.6
152.303061224 68.7
152.543492063 68.8
152.824104308 69.1
153.173333333 69.2
153.373605442 69.3
153.630476190 69.4
153.826394558 69.5
154.087619048 69.6
154.305306122 69.7
154.580317460 69.8
154.914829932 70.1
155.230476190 70.2
155.480816327 70.3
155.697777778 70.4
155.898775510 70.5
156.104126984 70.6
156.299319728 70.7
156.510476190 70.8
156.699863946 71.1
156.947301587 71.2
157.181678005 71.3
157.394285714 71.4
157.576417234 71.5
157.775238095 71.6
157.976961451 71.7
158.206984127 71.8
158.406530612 72.1
158.613333333 72.2
158.824489796 72.3
159.029841270 72.4
159.198911565 72.5
159.410793651 72.6
159.599455782 72.7
159.827301587 72.8
160.060952381 73.1
160.253968254 73.2
160.490521542 73.3
160.690793651 73.4
160.931700680 73.5
161.117460317 73.6
161.349659864 73.7
161.594920635 73.8
161.793741497 74.1
162.168888889 74.2
162.411972789 74.3
162.656507937 74.4
162.864761905 74.5
163.078095238 74.6
163.308843537 74.7
163.535238095 74.8
163.735510204 75.1
163.951746032 75.2
164.153469388 75.3
164.393650794 75.4
164.629478458 75.5
164.830476190 75.6
165.050340136 75.7
165.282539683 75.8
165.651156463 76.1
165.963174603 76.2
166.206167800 76.3
166.450793651 76.4
166.725079365 76.5
167.182222222 76.6
167.401360544 76.7
167.598730159 76.8
167.775782313 77.1
168.060952381 77.2
168.237278912 77.3
168.467301587 77.4
168.736507937 77.5
168.970158730 77.6
169.158095238 77.7
169.391746032 77.8
169.560816327 78.1
170.001269841 78.2
170.271927438 78.3
170.453333333 78.4
170.684081633 78.5
170.915555556 78.6
171.145578231 78.7
171.433650794 78.8
171.711564626 79.1
171.880634921 79.2
172.103401361 79.3
172.322539683 79.4
172.538775510 79.5
172.759365079 79.6
173.000272109 79.7
173.267301587 79.8
173.592380952 80.1
174.130793651 80.2
174.872380952 80.3
175.370158730 80.4
175.612517007 80.5
175.842539683 80.6
176.038662132 80.7
176.218412698 80.8
176.436961451 81.1
176.627324263 81.2
176.814149660 81.3
177.163174603 81.4
177.478117914 81.5
178.050566893 81.6
178.651428571 81.7
179.260952381 81.8
180.384217687 82.1
181.175873016 82.2
181.559727891 82.3
181.851428571 82.4
182.082176871 82.5
182.318730159 82.6
182.534965986 82.7
182.826666667 82.8
183.205442177 83.1
183.522539683 83.2
183.779546485 83.3
184.005079365 83.4
184.244353741 83.5
184.472380952 83.6
184.726167800 83.7
184.980317460 83.8
185.315691610 84.1
185.574603175 84.2
185.817687075 84.3
186.107936508 84.4
186.357551020 84.5
186.595555556 84.6
186.827755102 84.7
187.113650794 84.8
187.372222222 85.1
187.677460317 85.2
187.907460317 85.3
188.129523810 85.4
188.354104308 85.5
188.596825397 85.6
188.855260771 85.7
189.120000000 85.8
189.527074830 86.1
189.958095238 86.2
190.299138322 86.3
190.582857143 86.4
190.810702948 86.5
191.040000000 86.6
191.254058957 86.7
191.507301587 86.8
191.756190476 87.1
192.010158730 87.2
192.261224490 87.3
192.518095238 87.4
192.751859410 87.5
192.949841270 87.6
193.227755102 87.7
193.498412698 87.8
194.037551020 88.1
194.397460317 88.2
194.780589569 88.3
195.154285714 88.4
195.337868481 88.5
195.514920635 88.6
195.726802721 88.7
195.931428571 88.8
196.170884354 89.1
196.383492063 89.2
196.789115646 89.3
196.962539683 89.4
197.154829932 89.5
197.363809524 89.6
197.601814059 89.7
197.856507937 89.8
198.234557823 90.1
198.694603175 90.2
199.140136054 90.3
199.390476190 90.4
199.645170068 90.5
199.918730159 90.6
200.179092971 90.7
200.431746032 90.8
200.907755102 91.1
201.452698413 91.2
201.938140590 91.3
202.404784580 91.4
202.785668934 91.5
203.316825397 91.6
203.859705215 91.7
204.445124717 91.8