1.732789116 0 1.1
2.708027211 61.5234 1.2
3.112335601 148.402 1.3
3.369795918 233.046 1.4
3.622312925 237.608 1.5
3.857414966 255.208 1.6
4.101224490 246.094 1.7
4.458231293 168.064 1.8
4.773151927 190.524 2.1
5.093877551 187.076 2.2
5.367913832 218.949 2.3
5.590204082 269.917 2.4
5.865510204 217.939 2.5
6.051700680 322.251 2.6
6.304217687 237.608 2.7
6.574149660 222.278 2.8
6.887619048 191.406 3.1
7.244625850 168.064 3.2
7.531972789 208.807 3.3
7.775782313 246.094 3.4
8.037006803 229.688 3.5
8.254693878 275.625 3.6
8.489795918 255.208 3.7
8.751020408 229.688 3.8
9.047074830 202.665 4.1
9.308299320 229.688 4.2
9.566326531 232.534 4.3
9.795918367 261.333 4.4
10.032018141 254.13 4.5
10.266122449 256.296 4.6
10.492857143 264.626 4.7
10.805986395 191.614 4.8
11.159115646 169.909 5.1
11.598367347 136.596 5.2
11.955374150 168.064 5.3
12.268843537 191.406 5.4
12.525306122 233.952 5.5
12.730340136 292.634 5.6
12.956734694 265.024 5.7
13.226666667 222.278 5.8
13.444353741 275.625 6.1
13.775238095 181.332 6.2
14.010340136 255.208 6.3
14.297687075 208.807 6.4
14.574489796 216.761 6.5
14.767891156 310.236 6.6
15.011700680 246.094 6.7
15.299047619 208.807 6.8
15.621224490 186.233 7.1
16.030476190 146.609 7.2
16.291700680 229.688 7.3
16.544217687 237.608 7.4
16.761904762 275.625 7.5
17.005714286 246.094 7.6
17.249523810 246.094 7.7
17.484625850 255.208 7.8
17.719727891 255.208 8.1
17.972244898 237.608 8.2
18.198639456 265.024 8.3
18.468571429 222.278 8.4
18.695714286 264.151 8.5
18.956190476 230.347 8.6
19.218594104 228.655 8.7
19.513469388 203.476 8.8
19.835646259 186.233 9.1
20.488707483 91.875 9.2
20.824557823 178.651 9.3
21.019863946 307.21 9.4
21.263673469 246.094 9.5
21.507482993 246.094 9.6
21.760000000 237.608 9.7
22.073469388 191.406 9.8
22.352108844 215.332 10.1
22.622040816 222.278 10.2
22.839727891 275.625 10.3
23.083537415 246.094 10.4
23.292517007 287.109 10.5
23.545034014 237.608 10.6
23.788843537 246.094 10.7
24.058775510 222.278 10.8
24.433197279 160.247 11.1
24.790204082 168.064 11.2
25.042721088 237.608 11.3
25.286530612 246.094 11.4
25.528820862 247.637 11.5
25.748027211 273.715 11.6
25.957006803 287.109 11.7
26.200816327 246.094 11.8
26.453333333 237.608 12.1
26.714557823 229.688 12.2
26.923537415 287.109 12.3
27.176054422 237.608 12.4
27.367619048 313.21 12.5
27.628843537 229.688 12.6
27.837823129 287.109 12.7
28.116462585 215.332 12.8
28.449433107 180.196 13.1
28.821768707 161.145 13.2
29.101496599 214.494 13.3
29.352925170 238.636 13.4
29.581768707 262.188 13.5
29.797006803 278.761 13.6
30.028866213 258.777 13.7
30.302040816 219.64 13.8
30.685170068 156.605 14.1
31.050884354 164.063 14.2
31.303401361 237.608 14.3
31.547210884 246.094 14.4
31.773605442 265.024 14.5
32.017414966 246.094 14.6
32.243809524 265.024 14.7
32.548571429 196.875 14.8
32.983945578 137.813 15.1
33.619591837 94.3921 15.2
33.889523810 222.278 15.3
34.142040816 237.608 15.4
34.377142857 255.208 15.5
34.638367347 229.688 15.6
34.913424036 218.137 15.7
35.117278912 294.327 15.8
35.343673469 265.024 16.1
35.622312925 215.332 16.2
35.840000000 275.625 16.3
36.083809524 246.094 16.4
36.292789116 287.109 16.5
36.562721088 222.278 16.6
36.797823129 255.208 16.7
37.085170068 208.807 16.8
37.450884354 164.063 17.1
37.790476190 176.683 17.2
38.034285714 246.094 17.3
38.286802721 237.608 17.4
38.510612245 268.085 17.5
38.722176871 283.601 17.6
38.961609977 250.592 17.7
39.227210884 225.903 17.8
39.514557823 208.807 18.1
39.836734694 186.233 18.2
40.082993197 243.646 18.3
40.333061224 239.935 18.4
40.559455782 265.024 18.5
40.838095238 215.332 18.6
41.064489796 265.024 18.7
41.351836735 208.807 18.8
41.691428571 176.683 19.1
42.335782313 93.1166 19.2
42.684081633 172.266 19.3
42.971428571 208.807 19.4
43.208843537 252.722 19.5
43.441632653 257.744 19.6
43.676734694 255.208 19.7
43.929251701 237.608 19.8
44.260136054 181.332 20.1
44.625850340 164.063 20.2
44.910385488 210.87 20.3
45.122176871 283.298 20.4
45.348571429 265.024 20.5
45.574965986 265.024 20.6
45.818775510 246.094 20.7
46.088707483 222.278 20.8
46.367346939 215.332 21.1
46.628571429 229.688 21.2
46.837551020 287.109 21.3
47.081360544 246.094 21.4
47.325170068 246.094 21.5
47.560272109 255.208 21.6
47.795374150 255.208 21.7
48.056598639 229.688 21.8
48.335238095 215.332 22.1
48.587755102 237.608 22.2
48.814149660 265.024 22.3
49.066666667 237.608 22.4
49.284353741 275.625 22.5
49.536870748 237.608 22.6
49.763265306 265.024 22.7
50.050612245 208.807 22.8
50.380612245 181.818 23.1
50.808163265 140.334 23.2
51.034557823 265.024 23.3
51.313197279 215.332 23.4
51.548299320 255.208 23.5
51.800816327 237.608 23.6
52.042131519 248.637 23.7
52.244897959 295.907 23.8
52.529841270 210.568 24.1
52.767346939 252.626 24.2
52.967619048 299.592 24.3
53.220136054 237.608 24.4
53.420408163 299.592 24.5
53.655510204 255.208 24.6
53.908027211 237.608 24.7
54.221496599 191.406 24.8
54.543673469 186.233 25.1
54.979047619 137.813 25.2
55.232607710 236.63 25.3
55.457959184 266.251 25.4
55.675646259 275.625 25.5
55.902040816 265.024 25.6
56.171972789 222.278 25.7
56.407074830 255.208 25.8
56.650884354 246.094 26.1
56.920816327 222.278 26.2
57.173333333 237.608 26.3
57.434557823 229.688 26.4
57.634829932 299.592 26.5
57.887346939 237.608 26.6
58.148571429 229.688 26.7
58.409795918 229.688 26.8
58.743650794 179.719 27.1
59.271836735 113.596 27.2
59.578435374 195.696 27.3
59.802993197 267.192 27.4
60.056961451 236.25 27.5
60.261587302 293.218 27.6
60.495238095 256.793 27.7
60.708571429 281.25 27.8
60.972698413 227.163 28.1
61.211428571 251.33 28.2
61.475555556 227.163 28.3
61.701950113 265.024 28.4
61.922539683 271.998 28.5
62.163446712 249.059 28.6
62.379682540 277.475 28.7
62.618412698 251.33 28.8
62.963809524 173.713 29.1
63.304126984 176.306 29.2
63.558095238 236.25 29.3
63.786666667 262.5 29.4
64.005079365 274.709 29.5
64.243809524 251.33 29.6
64.477460317 256.793 29.7
64.690793651 281.25 29.8
64.944761905 236.25 30.1
65.158095238 281.25 30.2
65.417142857 231.618 30.3
65.655873016 251.33 30.4
65.864126984 288.11 30.5
66.082539683 274.709 30.6
66.366984127 210.938 30.7
66.605714286 251.33 30.8
66.961269841 168.75 31.1
67.580952381 96.8238 31.2
67.865396825 210.938 31.3
68.109206349 246.094 31.4
68.358095238 241.071 31.5
68.561269841 295.313 31.6
68.800000000 251.33 31.7
69.003174603 295.313 31.8
69.307936508 196.875 32.1
69.529251701 271.107 32.2
69.746938776 275.625 32.3
70.008163265 229.688 32.4
70.208435374 299.592 32.5
70.434829932 265.024 32.6
70.669931973 255.208 32.7
70.913741497 246.094 32.8
71.227210884 191.406 33.1
71.601632653 160.247 33.2
71.854149660 237.608 33.3
72.124081633 222.278 33.4
72.344761905 271.887 33.5
72.594285714 240.458 33.6
72.850181406 234.471 33.7
73.116734694 225.096 33.8
73.404081633 208.807 34.1
73.726258503 186.233 34.2
74.009591837 211.765 34.3
74.240000000 260.407 34.4
74.460476190 272.138 34.5
74.692789116 258.272 34.6
74.935192744 247.521 34.7
75.215238095 214.251 34.8
75.493877551 215.332 35.1
75.964081633 127.604 35.2
76.234625850 221.775 35.3
76.451700680 276.402 35.4
76.674467120 269.34 35.5
76.921904762 242.485 35.6
77.122176871 299.592 35.7
77.392108844 222.278 35.8
77.627210884 255.208 36.1
77.931972789 196.875 36.2
78.140952381 287.109 36.3
78.376054422 255.208 36.4
78.593741497 275.625 36.5
78.828843537 255.208 36.6
79.097641723 223.216 36.7
79.368707483 221.348 36.8
79.656054422 208.807 37.1
80.074013605 143.555 37.2
80.335238095 229.688 37.3
80.605170068 222.278 37.4
80.805442177 299.592 37.5
81.040544218 255.208 37.6
81.266938776 265.024 37.7
81.519455782 237.608 37.8
81.780680272 229.688 38.1
82.233469388 132.512 38.2
82.493015873 231.172 38.3
82.686258503 310.491 38.4
82.921360544 255.208 38.5
83.156462585 255.208 38.6
83.365442177 287.109 38.7
83.670204082 196.875 38.8
84.070748299 149.796 39.1
84.601904762 112.961 39.2
84.871836735 222.278 39.3
85.133061224 229.688 39.4
85.333333333 299.592 39.5
85.585850340 237.608 39.6
85.812244898 265.024 39.7
86.056054422 246.094 39.8
86.273741497 275.625 40.1
86.552380952 215.332 40.2
86.761360544 287.109 40.3
87.013877551 237.608 40.4
87.222857143 287.109 40.5
87.449251701 265.024 40.6
87.649523810 299.592 40.7
87.928163265 215.332 40.8
88.180680272 237.608 41.1
88.581224490 149.796 41.2
88.842448980 229.688 41.3
89.068843537 265.024 41.4
89.277823129 287.109 41.5
89.530340136 237.608 41.6
89.730612245 299.592 41.7
90.017959184 208.807 41.8
90.279183673 229.688 42.1
90.575238095 202.665 42.2
90.845170068 222.278 42.3
91.062857143 275.625 42.4
91.245714286 328.125 42.5
91.489523810 246.094 42.6
91.689795918 299.592 42.7
91.942312925 237.608 42.8
92.194829932 237.608 43.1
92.551836735 168.064 43.2
92.804353741 237.608 43.3
93.022040816 275.625 43.4
93.248435374 265.024 43.5
93.483537415 255.208 43.6
93.675102041 313.21 43.7
93.927619048 237.608 43.8
94.162721088 255.208 44.1
94.441360544 215.332 44.2
94.689501134 241.798 44.3
94.894149660 293.186 44.4
95.094421769 299.592 44.5
95.373061224 215.332 44.6
95.607732426 255.677 44.7
95.947755102 176.459 44.8
96.339591837 153.125 45.1
96.983945578 93.1166 45.2
97.288707483 196.875 45.3
97.523809524 255.208 45.4
97.741496599 275.625 45.5
97.967891156 265.024 45.6
98.240589569 220.023 45.7
98.490340136 240.24 45.8
98.870566893 157.801 46.1
99.204353741 179.755 46.2
99.430748299 265.024 46.3
99.674557823 246.094 46.4
99.909659864 255.208 46.5
100.124444444 279.35 46.6
100.353741497 261.669 46.7
100.632380952 215.332 46.8
100.998095238 164.063 47.1
101.337687075 176.683 47.2
101.634058957 202.448 47.3
101.851428571 276.028 47.4
102.049115646 303.51 47.5
102.304217687 235.2 47.6
102.549637188 244.479 47.7
102.783129252 256.968 47.8
103.096598639 191.406 48.1
103.610340136 116.79 48.2
103.880272109 222.278 48.3
104.150204082 222.278 48.4
104.385306122 255.208 48.5
104.629115646 246.094 48.6
104.879886621 239.262 48.7
105.229931973 171.406 48.8
106.091972789 69.6023 49.1
106.666666667 104.403 49.2
107.346190476 88.2971 49.3
107.859591837 116.868 49.4
108.312380952 132.512 49.5
108.756462585 135.11 49.6
109.226666667 127.604 49.7
109.429841270 295.313 49.8
109.708480726 215.332 50.1
109.897142857 318.029 50.2
110.074195011 338.883 50.3
110.288979592 279.35 50.4
110.471836735 328.125 50.5
110.653968254 329.432 50.6
110.907210884 236.927 50.7
111.124897959 275.625 50.8
111.307755102 328.125 51.1
111.619047619 192.745 51.2
111.812789116 309.691 51.3
112.047891156 255.208 51.4
112.239455782 313.21 51.5
112.465850340 265.024 51.6
112.683537415 275.625 51.7
112.927346939 246.094 51.8
113.145034014 275.625 52.1
113.798095238 91.875 52.2
114.137687075 176.683 52.3
114.382222222 245.363 52.4
114.616598639 255.998 52.5
114.864761905 241.776 52.6
115.147755102 212.019 52.7
115.372698413 266.734 52.8
115.661496599 207.758 53.1
115.972063492 193.195 53.2
116.238412698 225.268 53.3
116.464761905 265.077 53.4
116.701791383 253.133 53.5
116.937142857 254.938 53.6
117.199977324 228.281 53.7
117.480634921 213.784 53.8
117.812244898 180.935 54.1
118.267936508 131.668 54.2
118.508843537 249.059 54.3
118.740317460 259.208 54.4
118.958730159 274.709 54.5
119.187301587 262.5 54.6
119.405714286 274.709 54.7
119.654603175 241.071 54.8
119.946009070 205.898 55.1
120.182857143 253.327 55.2
120.431655329 241.159 55.3
120.645079365 281.13 55.4
120.889954649 245.023 55.5
121.086984127 304.523 55.6
121.371360544 210.988 55.7
121.620317460 241.006 55.8
122.035374150 144.559 56.1
122.946031746 65.8865 56.2
123.181859410 254.423 56.3
123.377777778 306.25 56.4
123.599818594 270.221 56.5
123.753650794 390.035 56.6
123.987097506 257.018 56.7
124.170158730 327.759 56.8
124.334149660 365.874 57.1
124.708571429 160.247 57.2
124.978503401 222.278 57.3
125.165714286 320.494 57.4
125.335510204 353.365 57.5
125.566984127 259.208 57.6
125.805714286 251.33 57.7
125.998730159 310.855 57.8
126.180136054 330.75 58.1
126.450793651 221.682 58.2
126.659047619 288.11 58.3
126.882539683 268.466 58.4
127.082811791 299.592 58.5
127.329523810 243.199 58.6
127.590748299 229.688 58.7
127.908571429 188.784 58.8
128.278639456 162.132 59.1
128.655238095 159.321 59.2
128.952902494 201.569 59.3
129.335873016 156.67 59.4
129.570521542 255.702 59.5
129.798095238 263.651 59.6
130.011428571 281.25 59.7
130.270476190 231.618 59.8
130.581995465 192.604 60.1
130.986666667 148.269 60.2
131.419138322 138.737 60.3
131.641904762 269.34 60.4
131.970612245 182.533 60.5
132.261587302 206.203 60.6
132.713650794 132.725 60.7
132.982857143 222.877 60.8
133.268027211 210.401 61.1
133.633015873 164.389 61.2
134.095238095 129.808 61.3
134.318730159 268.466 61.4
134.749070295 139.425 61.5
135.365079365 97.4012 61.6
136.002176871 94.1771 61.7
136.452063492 133.367 61.8
137.595646259 52.4667 62.1
138.600634921 59.7022 62.2
138.919183673 188.354 62.3
139.179682540 230.327 62.4
139.380680272 298.511 62.5
139.657142857 217.028 62.6
139.859591837 296.371 62.7
140.149841270 206.719 62.8
140.442993197 204.672 63.1
140.673015873 260.844 63.2
140.869659864 305.12 63.3
141.114920635 244.638 63.4
141.322448980 289.117 63.5
141.561904762 250.568 63.6
141.783945578 270.221 63.7
142.085079365 199.247 63.8
142.454421769 162.451 64.1
142.816507937 165.706 64.2
143.046530612 260.844 64.3
143.314285714 224.085 64.4
143.525442177 284.149 64.5
143.761269841 254.423 64.6
143.995646259 255.998 64.7
144.284444444 207.758 64.8
144.570340136 209.867 65.1
144.827936508 232.923 65.2
145.040544218 282.21 65.3
145.274920635 255.998 65.4
145.484625850 286.116 65.5
145.726984127 247.567 65.6
145.954829932 263.336 65.7
146.224761905 222.278 65.8
146.572970522 172.311 66.1
147.012063492 136.645 66.2
147.295782313 211.477 66.3
147.509841270 280.297 66.4
147.757278912 242.485 66.5
147.977142857 272.896 66.6
148.192653061 278.409 66.7
148.474920635 212.564 66.8
148.741224490 225.307 67.1
149.028571429 208.807 67.2
149.272380952 246.094 67.3
149.511111111 251.33 67.4
149.716462585 292.182 67.5
149.922539683 291.153 67.6
150.160544218 252.096 67.7
150.440634921 214.216 67.8
150.717823129 216.459 68.1
151.177142857 130.628 68.2
151.423129252 243.916 68.3
151.644444444 271.107 68.4
151.851768707 289.402 68.5
152.066031746 280.03 68.6
152.303061224 253.133 68.7
152.543492063 249.552 68.8
152.824104308 213.818 69.1
153.173333333 171.807 69.2
153.373605442 299.592 69.3
153.630476190 233.581 69.4
153.826394558 306.25 69.5
154.087619048 229.688 69.6
154.305306122 275.625 69.7
154.580317460 218.173 69.8
154.914829932 179.366 70.1
155.230476190 190.086 70.2
155.480816327 239.674 70.3
155.697777778 276.547 70.4
155.898775510 298.511 70.5
156.104126984 292.182 70.6
156.299319728 307.388 70.7
156.510476190 284.149 70.8
156.699863946 316.81 71.1
156.947301587 242.485 71.2
157.181678005 255.998 71.3
157.394285714 282.21 71.4
157.576417234 329.432 71.5
157.775238095 301.779 71.6
157.976961451 297.437 71.7
158.206984127 260.844 71.8
158.406530612 300.682 72.1
158.613333333 290.132 72.2
158.824489796 284.149 72.3
159.029841270 292.182 72.4
159.198911565 354.882 72.5
159.410793651 283.176 72.6
159.599455782 318.029 72.7
159.827301587 263.336 72.8
160.060952381 256.793 73.1
160.253968254 310.855 73.2
160.490521542 253.643 73.3
160.690793651 299.592 73.4
160.931700680 249.059 73.5
161.117460317 322.998 73.6
161.349659864 258.398 73.7
161.594920635 244.638 73.8
161.793741497 301.779 74.1
162.168888889 159.937 74.2
162.411972789 246.828 74.3
162.656507937 245.363 74.4
162.864761905 288.11 74.5
163.078095238 281.25 74.6
163.308843537 260.024 74.7
163.535238095 265.024 74.8
163.735510204 299.592 75.1
163.951746032 277.475 75.2
164.153469388 297.437 75.3
164.393650794 249.811 75.4
164.629478458 254.423 75.5
164.830476190 298.511 75.6
165.050340136 272.896 75.7
165.282539683 258.398 75.8
165.651156463 162.771 76.1
165.963174603 192.297 76.2
166.206167800 246.92 76.3
166.450793651 245.273 76.4
166.725079365 218.75 76.5
167.182222222 131.25 76.6
167.401360544 273.8 76.7
167.598730159 303.998 76.8
167.775782313 338.883 77.1
168.060952381 210.401 77.2
168.237278912 340.278 77.3
168.467301587 260.844 77.4
168.736507937 222.877 77.5
168.970158730 256.793 77.6
169.158095238 319.257 77.7
169.391746032 256.793 77.8
169.560816327 354.882 78.1
170.001269841 136.223 78.2
170.271927438 221.682 78.3
170.453333333 330.75 78.4
170.684081633 260.024 78.5
170.915555556 259.208 78.6
171.145578231 260.844 78.7
171.433650794 208.281 78.8
171.711564626 215.894 79.1
171.880634921 354.882 79.2
172.103401361 269.34 79.3
172.322539683 273.8 79.4
172.538775510 277.475 79.5
172.759365079 271.998 79.6
173.000272109 249.059 79.7
173.267301587 224.694 79.8
173.592380952 184.57 80.1
174.130793651 111.439 80.2
174.872380952 80.9075 80.3
175.370158730 120.536 80.4
175.612517007 247.567 80.5
175.842539683 260.844 80.6
176.038662132 305.931 80.7
176.218412698 333.796 80.8
176.436961451 274.538 81.1
176.627324263 315.188 81.2
176.814149660 321.155 81.3
177.163174603 171.907 81.4
177.478117914 190.51 81.5
178.050566893 104.813 81.6
178.651428571 99.8566 81.7
179.260952381 98.4375 81.8
180.384217687 53.4157 82.1
181.175873016 75.7906 82.2
181.559727891 156.309 82.3
181.851428571 205.69 82.4
182.082176871 260.024 82.5
182.318730159 253.643 82.6
182.534965986 277.475 82.7
182.826666667 205.69 82.8
183.205442177 158.405 83.1
183.522539683 189.216 83.2
183.779546485 233.457 83.3
184.005079365 266.037 83.4
184.244353741 250.758 83.5
184.472380952 263.126 83.6
184.726167800 236.419 83.7
184.980317460 236.081 83.8
185.315691610 178.905 84.1
185.574603175 231.739 84.2
185.817687075 246.828 84.3
186.107936508 206.719 84.4
186.357551020 240.371 84.5
186.595555556 252.096 84.6
186.827755102 258.398 84.7
187.113650794 209.867 84.8
187.372222222 232.044 85.1
187.677460317 196.568 85.2
187.907460317 260.87 85.3
188.129523810 270.193 85.4
188.354104308 267.165 85.5
188.596825397 247.197 85.6
188.855260771 232.166 85.7
189.120000000 226.638 85.8
189.527074830 147.393 86.1
189.958095238 139.205 86.2
190.299138322 175.931 86.3
190.582857143 211.477 86.4
190.810702948 263.336 86.5
191.040000000 261.669 86.6
191.254058957 280.297 86.7
191.507301587 236.927 86.8
191.756190476 241.071 87.1
192.010158730 236.25 87.2
192.261224490 238.981 87.3
192.518095238 233.581 87.4
192.751859410 256.669 87.5
192.949841270 303.058 87.6
193.227755102 215.894 87.7
193.498412698 221.682 87.8
194.037551020 111.289 88.1
194.397460317 166.709 88.2
194.780589569 156.605 88.3
195.154285714 160.558 88.4
195.337868481 326.828 88.5
195.514920635 338.883 88.6
195.726802721 283.176 88.7
195.931428571 293.218 88.8
196.170884354 250.568 89.1
196.383492063 282.21 89.2
196.789115646 147.92 89.3
196.962539683 345.973 89.4
197.154829932 312.028 89.5
197.363809524 287.109 89.6
197.601814059 252.096 89.7
197.856507937 235.577 89.8
198.234557823 158.709 90.1
198.694603175 130.422 90.2
199.140136054 134.67 90.3
199.390476190 239.674 90.4
199.645170068 235.577 90.5
199.918730159 219.33 90.6
200.179092971 230.448 90.7
200.431746032 237.48 90.8
200.907755102 126.048 91.1
201.452698413 110.103 91.2
201.938140590 123.599 91.3
202.404784580 128.578 91.4
202.785668934 157.528 91.5
203.316825397 112.961 91.6
203.859705215 110.522 91.7
204.445124717 102.491 91.8