1.732789116 0.975238 1.1
2.708027211 0.404308 1.2
3.112335601 0.25746 1.3
3.369795918 0.252517 1.4
3.622312925 0.235102 1.5
3.857414966 0.24381 1.6
4.101224490 0.357007 1.7
4.458231293 0.314921 1.8
4.773151927 0.320726 2.1
5.093877551 0.274036 2.2
5.367913832 0.22229 2.3
5.590204082 0.275306 2.4
5.865510204 0.18619 2.5
6.051700680 0.252517 2.6
6.304217687 0.269932 2.7
6.574149660 0.313469 2.8
6.887619048 0.357007 3.1
7.244625850 0.287347 3.2
7.531972789 0.24381 3.3
7.775782313 0.261224 3.4
8.037006803 0.217687 3.5
8.254693878 0.235102 3.6
8.489795918 0.261224 3.7
8.751020408 0.296054 3.8
9.047074830 0.261224 4.1
9.308299320 0.258027 4.2
9.566326531 0.229592 4.3
9.795918367 0.2361 4.4
10.032018141 0.234104 4.5
10.266122449 0.226735 4.6
10.492857143 0.313129 4.7
10.805986395 0.353129 4.8
11.159115646 0.439252 5.1
11.598367347 0.357007 5.2
11.955374150 0.313469 5.3
12.268843537 0.256463 5.4
12.525306122 0.205034 5.5
12.730340136 0.226395 5.6
12.956734694 0.269932 5.7
13.226666667 0.217687 5.8
13.444353741 0.330884 6.1
13.775238095 0.235102 6.2
14.010340136 0.287347 6.3
14.297687075 0.276803 6.4
14.574489796 0.193401 6.5
14.767891156 0.24381 6.6
15.011700680 0.287347 6.7
15.299047619 0.322177 6.8
15.621224490 0.409252 7.1
16.030476190 0.261224 7.2
16.291700680 0.252517 7.3
16.544217687 0.217687 7.4
16.761904762 0.24381 7.5
17.005714286 0.24381 7.6
17.249523810 0.235102 7.7
17.484625850 0.235102 7.8
17.719727891 0.252517 8.1
17.972244898 0.226395 8.2
18.198639456 0.269932 8.3
18.468571429 0.227143 8.4
18.695714286 0.260476 8.5
18.956190476 0.262404 8.6
19.218594104 0.294875 8.7
19.513469388 0.322177 8.8
19.835646259 0.653061 9.1
20.488707483 0.33585 9.2
20.824557823 0.195306 9.3
21.019863946 0.24381 9.4
21.263673469 0.24381 9.5
21.507482993 0.252517 9.6
21.760000000 0.313469 9.7
22.073469388 0.278639 9.8
22.352108844 0.269932 10.1
22.622040816 0.217687 10.2
22.839727891 0.24381 10.3
23.083537415 0.20898 10.4
23.292517007 0.252517 10.5
23.545034014 0.24381 10.6
23.788843537 0.269932 10.7
24.058775510 0.374422 10.8
24.433197279 0.357007 11.1
24.790204082 0.252517 11.2
25.042721088 0.24381 11.3
25.286530612 0.24229 11.4
25.528820862 0.219206 11.5
25.748027211 0.20898 11.6
25.957006803 0.24381 11.7
26.200816327 0.252517 11.8
26.453333333 0.261224 12.1
26.714557823 0.20898 12.2
26.923537415 0.252517 12.3
27.176054422 0.191565 12.4
27.367619048 0.261224 12.5
27.628843537 0.20898 12.6
27.837823129 0.278639 12.7
28.116462585 0.332971 12.8
28.449433107 0.372336 13.1
28.821768707 0.279728 13.2
29.101496599 0.251429 13.3
29.352925170 0.228844 13.4
29.581768707 0.215238 13.5
29.797006803 0.231859 13.6
30.028866213 0.273175 13.7
30.302040816 0.383129 13.8
30.685170068 0.365714 14.1
31.050884354 0.252517 14.2
31.303401361 0.24381 14.3
31.547210884 0.226395 14.4
31.773605442 0.24381 14.5
32.017414966 0.226395 14.6
32.243809524 0.304762 14.7
32.548571429 0.435374 14.8
32.983945578 0.635646 15.1
33.619591837 0.269932 15.2
33.889523810 0.252517 15.3
34.142040816 0.235102 15.4
34.377142857 0.261224 15.5
34.638367347 0.275057 15.6
34.913424036 0.203855 15.7
35.117278912 0.226395 15.8
35.343673469 0.278639 16.1
35.622312925 0.217687 16.2
35.840000000 0.24381 16.3
36.083809524 0.20898 16.4
36.292789116 0.269932 16.5
36.562721088 0.235102 16.6
36.797823129 0.287347 16.7
37.085170068 0.365714 16.8
37.450884354 0.339592 17.1
37.790476190 0.24381 17.2
38.034285714 0.252517 17.3
38.286802721 0.22381 17.4
38.510612245 0.211565 17.5
38.722176871 0.239433 17.6
38.961609977 0.265601 17.7
39.227210884 0.287347 17.8
39.514557823 0.322177 18.1
39.836734694 0.246258 18.2
40.082993197 0.250068 18.3
40.333061224 0.226395 18.4
40.559455782 0.278639 18.5
40.838095238 0.226395 18.6
41.064489796 0.287347 18.7
41.351836735 0.339592 18.8
41.691428571 0.644354 19.1
42.335782313 0.348299 19.2
42.684081633 0.287347 19.3
42.971428571 0.237415 19.4
43.208843537 0.232789 19.5
43.441632653 0.235102 19.6
43.676734694 0.252517 19.7
43.929251701 0.330884 19.8
44.260136054 0.365714 20.1
44.625850340 0.284535 20.2
44.910385488 0.211791 20.3
45.122176871 0.226395 20.4
45.348571429 0.226395 20.5
45.574965986 0.24381 20.6
45.818775510 0.269932 20.7
46.088707483 0.278639 20.8
46.367346939 0.261224 21.1
46.628571429 0.20898 21.2
46.837551020 0.24381 21.3
47.081360544 0.24381 21.4
47.325170068 0.235102 21.5
47.560272109 0.235102 21.6
47.795374150 0.261224 21.7
48.056598639 0.278639 21.8
48.335238095 0.252517 22.1
48.587755102 0.226395 22.2
48.814149660 0.252517 22.3
49.066666667 0.217687 22.4
49.284353741 0.252517 22.5
49.536870748 0.226395 22.6
49.763265306 0.287347 22.7
50.050612245 0.33 22.8
50.380612245 0.427551 23.1
50.808163265 0.226395 23.2
51.034557823 0.278639 23.3
51.313197279 0.235102 23.4
51.548299320 0.252517 23.5
51.800816327 0.241315 23.6
52.042131519 0.202766 23.7
52.244897959 0.284943 23.8
52.529841270 0.237506 24.1
52.767346939 0.200272 24.2
52.967619048 0.252517 24.3
53.220136054 0.200272 24.4
53.420408163 0.235102 24.5
53.655510204 0.252517 24.6
53.908027211 0.313469 24.7
54.221496599 0.322177 24.8
54.543673469 0.435374 25.1
54.979047619 0.25356 25.2
55.232607710 0.225351 25.3
55.457959184 0.217687 25.4
55.675646259 0.226395 25.5
55.902040816 0.269932 25.6
56.171972789 0.235102 25.7
56.407074830 0.24381 25.8
56.650884354 0.269932 26.1
56.920816327 0.252517 26.2
57.173333333 0.261224 26.3
57.434557823 0.200272 26.4
57.634829932 0.252517 26.5
57.887346939 0.261224 26.6
58.148571429 0.261224 26.7
58.409795918 0.333855 26.8
58.743650794 0.528186 27.1
59.271836735 0.306599 27.2
59.578435374 0.224558 27.3
59.802993197 0.253968 27.4
60.056961451 0.204626 27.5
60.261587302 0.233651 27.6
60.495238095 0.213333 27.7
60.708571429 0.264127 27.8
60.972698413 0.23873 28.1
61.211428571 0.264127 28.2
61.475555556 0.226395 28.3
61.701950113 0.22059 28.4
61.922539683 0.240907 28.5
62.163446712 0.216236 28.6
62.379682540 0.23873 28.7
62.618412698 0.345397 28.8
62.963809524 0.340317 29.1
63.304126984 0.253968 29.2
63.558095238 0.228571 29.3
63.786666667 0.218413 29.4
64.005079365 0.23873 29.5
64.243809524 0.233651 29.6
64.477460317 0.213333 29.7
64.690793651 0.253968 29.8
64.944761905 0.213333 30.1
65.158095238 0.259048 30.2
65.417142857 0.23873 30.3
65.655873016 0.208254 30.4
65.864126984 0.218413 30.5
66.082539683 0.284444 30.6
66.366984127 0.23873 30.7
66.605714286 0.355556 30.8
66.961269841 0.619683 31.1
67.580952381 0.284444 31.2
67.865396825 0.24381 31.3
68.109206349 0.248889 31.4
68.358095238 0.203175 31.5
68.561269841 0.23873 31.6
68.800000000 0.203175 31.7
69.003174603 0.304762 31.8
69.307936508 0.221315 32.1
69.529251701 0.217687 32.2
69.746938776 0.261224 32.3
70.008163265 0.200272 32.4
70.208435374 0.226395 32.5
70.434829932 0.235102 32.6
70.669931973 0.24381 32.7
70.913741497 0.313469 32.8
71.227210884 0.374422 33.1
71.601632653 0.252517 33.2
71.854149660 0.269932 33.3
72.124081633 0.22068 33.4
72.344761905 0.249524 33.5
72.594285714 0.255896 33.6
72.850181406 0.266553 33.7
73.116734694 0.287347 33.8
73.404081633 0.322177 34.1
73.726258503 0.283333 34.2
74.009591837 0.230408 34.3
74.240000000 0.220476 34.4
74.460476190 0.232313 34.5
74.692789116 0.242404 34.6
74.935192744 0.280045 34.7
75.215238095 0.278639 34.8
75.493877551 0.470204 35.1
75.964081633 0.270544 35.2
76.234625850 0.217075 35.3
76.451700680 0.222766 35.4
76.674467120 0.247438 35.5
76.921904762 0.200272 35.6
77.122176871 0.269932 35.7
77.392108844 0.235102 35.8
77.627210884 0.304762 36.1
77.931972789 0.20898 36.2
78.140952381 0.235102 36.3
78.376054422 0.217687 36.4
78.593741497 0.235102 36.5
78.828843537 0.268798 36.6
79.097641723 0.271066 36.7
79.368707483 0.287347 36.8
79.656054422 0.417959 37.1
80.074013605 0.261224 37.2
80.335238095 0.269932 37.3
80.605170068 0.200272 37.4
80.805442177 0.235102 37.5
81.040544218 0.226395 37.6
81.266938776 0.252517 37.7
81.519455782 0.261224 37.8
81.780680272 0.452789 38.1
82.233469388 0.259546 38.2
82.493015873 0.193243 38.3
82.686258503 0.235102 38.4
82.921360544 0.235102 38.5
83.156462585 0.20898 38.6
83.365442177 0.304762 38.7
83.670204082 0.400544 38.8
84.070748299 0.531156 39.1
84.601904762 0.269932 39.2
84.871836735 0.261224 39.3
85.133061224 0.200272 39.4
85.333333333 0.252517 39.5
85.585850340 0.226395 39.6
85.812244898 0.24381 39.7
86.056054422 0.217687 39.8
86.273741497 0.278639 40.1
86.552380952 0.20898 40.2
86.761360544 0.252517 40.3
87.013877551 0.20898 40.4
87.222857143 0.226395 40.5
87.449251701 0.200272 40.6
87.649523810 0.278639 40.7
87.928163265 0.252517 40.8
88.180680272 0.400544 41.1
88.581224490 0.261224 41.2
88.842448980 0.226395 41.3
89.068843537 0.20898 41.4
89.277823129 0.252517 41.5
89.530340136 0.200272 41.6
89.730612245 0.287347 41.7
90.017959184 0.261224 41.8
90.279183673 0.296054 42.1
90.575238095 0.269932 42.2
90.845170068 0.217687 42.3
91.062857143 0.182857 42.4
91.245714286 0.24381 42.5
91.489523810 0.200272 42.6
91.689795918 0.252517 42.7
91.942312925 0.252517 42.8
92.194829932 0.357007 43.1
92.551836735 0.252517 43.2
92.804353741 0.217687 43.3
93.022040816 0.226395 43.4
93.248435374 0.235102 43.5
93.483537415 0.191565 43.6
93.675102041 0.252517 43.7
93.927619048 0.235102 43.8
94.162721088 0.278639 44.1
94.441360544 0.248141 44.2
94.689501134 0.204649 44.3
94.894149660 0.200272 44.4
95.094421769 0.278639 44.5
95.373061224 0.234671 44.6
95.607732426 0.340023 44.7
95.947755102 0.391837 44.8
96.339591837 0.644354 45.1
96.983945578 0.304762 45.2
97.288707483 0.235102 45.3
97.523809524 0.217687 45.4
97.741496599 0.226395 45.5
97.967891156 0.272698 45.6
98.240589569 0.249751 45.7
98.490340136 0.380227 45.8
98.870566893 0.333787 46.1
99.204353741 0.226395 46.2
99.430748299 0.24381 46.3
99.674557823 0.235102 46.4
99.909659864 0.214785 46.5
100.124444444 0.229297 46.6
100.353741497 0.278639 46.7
100.632380952 0.365714 46.8
100.998095238 0.339592 47.1
101.337687075 0.296372 47.2
101.634058957 0.21737 47.3
101.851428571 0.197687 47.4
102.049115646 0.255102 47.5
102.304217687 0.24542 47.6
102.549637188 0.233492 47.7
102.783129252 0.313469 47.8
103.096598639 0.513741 48.1
103.610340136 0.269932 48.2
103.880272109 0.269932 48.3
104.150204082 0.235102 48.4
104.385306122 0.24381 48.5
104.629115646 0.250771 48.6
104.879886621 0.350045 48.7
105.229931973 0.862041 48.8
106.091972789 0.574694 49.1
106.666666667 0.679524 49.2
107.346190476 0.513401 49.3
107.859591837 0.452789 49.4
108.312380952 0.444082 49.5
108.756462585 0.470204 49.6
109.226666667 0.203175 49.7
109.429841270 0.278639 49.8
109.708480726 0.188662 50.1
109.897142857 0.177052 50.2
110.074195011 0.214785 50.3
110.288979592 0.182857 50.4
110.471836735 0.182132 50.5
110.653968254 0.253243 50.6
110.907210884 0.217687 50.7
111.124897959 0.182857 50.8
111.307755102 0.311293 51.1
111.619047619 0.193742 51.2
111.812789116 0.235102 51.3
112.047891156 0.191565 51.4
112.239455782 0.226395 51.5
112.465850340 0.217687 51.6
112.683537415 0.24381 51.7
112.927346939 0.217687 51.8
113.145034014 0.653061 52.1
113.798095238 0.339592 52.2
114.137687075 0.244535 52.3
114.382222222 0.234376 52.4
114.616598639 0.248163 52.5
114.864761905 0.282993 52.6
115.147755102 0.224943 52.7
115.372698413 0.288798 52.8
115.661496599 0.310567 53.1
115.972063492 0.266349 53.2
116.238412698 0.226349 53.3
116.464761905 0.237029 53.4
116.701791383 0.235351 53.5
116.937142857 0.262834 53.6
117.199977324 0.280658 53.7
117.480634921 0.33161 53.8
117.812244898 0.455692 54.1
118.267936508 0.240907 54.2
118.508843537 0.231474 54.3
118.740317460 0.218413 54.4
118.958730159 0.228571 54.5
119.187301587 0.218413 54.6
119.405714286 0.248889 54.7
119.654603175 0.291406 54.8
119.946009070 0.236848 55.1
120.182857143 0.248798 55.2
120.431655329 0.213424 55.3
120.645079365 0.244875 55.4
120.889954649 0.197029 55.5
121.086984127 0.284376 55.6
121.371360544 0.248957 55.7
121.620317460 0.415057 55.8
122.035374150 0.910658 56.1
122.946031746 0.235828 56.2
123.181859410 0.195918 56.3
123.377777778 0.222041 56.4
123.599818594 0.153832 56.5
123.753650794 0.233447 56.6
123.987097506 0.183061 56.7
124.170158730 0.163991 56.8
124.334149660 0.374422 57.1
124.708571429 0.269932 57.2
124.978503401 0.187211 57.3
125.165714286 0.169796 57.4
125.335510204 0.231474 57.5
125.566984127 0.23873 57.6
125.805714286 0.193016 57.7
125.998730159 0.181406 57.8
126.180136054 0.270658 58.1
126.450793651 0.208254 58.2
126.659047619 0.223492 58.3
126.882539683 0.200272 58.4
127.082811791 0.246712 58.5
127.329523810 0.261224 58.6
127.590748299 0.317823 58.7
127.908571429 0.370068 58.8
128.278639456 0.376599 59.1
128.655238095 0.297664 59.2
128.952902494 0.382971 59.3
129.335873016 0.234649 59.4
129.570521542 0.227574 59.5
129.798095238 0.213333 59.6
130.011428571 0.259048 59.7
130.270476190 0.311519 59.8
130.581995465 0.404671 60.1
130.986666667 0.432472 60.2
131.419138322 0.222766 60.3
131.641904762 0.328707 60.4
131.970612245 0.290975 60.5
132.261587302 0.452064 60.6
132.713650794 0.269206 60.7
132.982857143 0.28517 60.8
133.268027211 0.364989 61.1
133.633015873 0.462222 61.2
134.095238095 0.223492 61.3
134.318730159 0.43034 61.4
134.749070295 0.616009 61.5
135.365079365 0.637097 61.6
136.002176871 0.449887 61.7
136.452063492 1.14358 61.8
137.595646259 1.00499 62.1
138.600634921 0.318549 62.2
138.919183673 0.260499 62.3
139.179682540 0.200998 62.4
139.380680272 0.276463 62.5
139.657142857 0.202449 62.6
139.859591837 0.290249 62.7
140.149841270 0.293152 62.8
140.442993197 0.230023 63.1
140.673015873 0.196644 63.2
140.869659864 0.245261 63.3
141.114920635 0.207528 63.4
141.322448980 0.239456 63.5
141.561904762 0.222041 63.6
141.783945578 0.301134 63.7
142.085079365 0.369342 63.8
142.454421769 0.362086 64.1
142.816507937 0.230023 64.2
143.046530612 0.267755 64.3
143.314285714 0.211156 64.4
143.525442177 0.235828 64.5
143.761269841 0.234376 64.6
143.995646259 0.288798 64.7
144.284444444 0.285896 64.8
144.570340136 0.257596 65.1
144.827936508 0.212608 65.2
145.040544218 0.234376 65.3
145.274920635 0.209705 65.4
145.484625850 0.242358 65.5
145.726984127 0.227846 65.6
145.954829932 0.269932 65.7
146.224761905 0.348209 65.8
146.572970522 0.439093 66.1
147.012063492 0.283719 66.2
147.295782313 0.214059 66.3
147.509841270 0.247438 66.4
147.757278912 0.219864 66.5
147.977142857 0.21551 66.6
148.192653061 0.282268 66.7
148.474920635 0.266304 66.8
148.741224490 0.287347 67.1
149.028571429 0.24381 67.2
149.272380952 0.23873 67.3
149.511111111 0.205351 67.4
149.716462585 0.206077 67.5
149.922539683 0.238005 67.6
150.160544218 0.280091 67.7
150.440634921 0.277188 67.8
150.717823129 0.45932 68.1
151.177142857 0.245986 68.2
151.423129252 0.221315 68.3
151.644444444 0.207324 68.4
151.851768707 0.214263 68.5
152.066031746 0.237029 68.6
152.303061224 0.240431 68.7
152.543492063 0.280612 68.8
152.824104308 0.349229 69.1
153.173333333 0.200272 69.2
153.373605442 0.256871 69.3
153.630476190 0.195918 69.4
153.826394558 0.261224 69.5
154.087619048 0.217687 69.6
154.305306122 0.275011 69.7
154.580317460 0.334512 69.8
154.914829932 0.315646 70.1
155.230476190 0.25034 70.2
155.480816327 0.216961 70.3
155.697777778 0.200998 70.4
155.898775510 0.205351 70.5
156.104126984 0.195193 70.6
156.299319728 0.211156 70.7
156.510476190 0.189388 70.8
156.699863946 0.247438 71.1
156.947301587 0.234376 71.2
157.181678005 0.212608 71.3
157.394285714 0.182132 71.4
157.576417234 0.198821 71.5
157.775238095 0.201723 71.6
157.976961451 0.230023 71.7
158.206984127 0.199546 71.8
158.406530612 0.206803 72.1
158.613333333 0.211156 72.2
158.824489796 0.205351 72.3
159.029841270 0.16907 72.4
159.198911565 0.211882 72.5
159.410793651 0.188662 72.6
159.599455782 0.227846 72.7
159.827301587 0.233651 72.8
160.060952381 0.193016 73.1
160.253968254 0.236553 73.2
160.490521542 0.200272 73.3
160.690793651 0.240907 73.4
160.931700680 0.18576 73.5
161.117460317 0.2322 73.6
161.349659864 0.245261 73.7
161.594920635 0.198821 73.8
161.793741497 0.375147 74.1
162.168888889 0.243084 74.2
162.411972789 0.244535 74.3
162.656507937 0.208254 74.4
162.864761905 0.213333 74.5
163.078095238 0.230748 74.6
163.308843537 0.226395 74.7
163.535238095 0.200272 74.8
163.735510204 0.216236 75.1
163.951746032 0.201723 75.2
164.153469388 0.240181 75.3
164.393650794 0.235828 75.4
164.629478458 0.200998 75.5
164.830476190 0.219864 75.6
165.050340136 0.2322 75.7
165.282539683 0.368617 75.8
165.651156463 0.312018 76.1
165.963174603 0.242993 76.2
166.206167800 0.244626 76.3
166.450793651 0.274286 76.4
166.725079365 0.457143 76.5
167.182222222 0.219138 76.6
167.401360544 0.19737 76.7
167.598730159 0.177052 76.8
167.775782313 0.28517 77.1
168.060952381 0.176327 77.2
168.237278912 0.230023 77.3
168.467301587 0.269206 77.4
168.736507937 0.233651 77.5
168.970158730 0.187937 77.6
169.158095238 0.233651 77.7
169.391746032 0.16907 77.8
169.560816327 0.440454 78.1
170.001269841 0.270658 78.2
170.271927438 0.181406 78.3
170.453333333 0.230748 78.4
170.684081633 0.231474 78.5
170.915555556 0.230023 78.6
171.145578231 0.288073 78.7
171.433650794 0.277914 78.8
171.711564626 0.16907 79.1
171.880634921 0.222766 79.2
172.103401361 0.219138 79.3
172.322539683 0.216236 79.4
172.538775510 0.22059 79.5
172.759365079 0.240907 79.6
173.000272109 0.267029 79.7
173.267301587 0.325079 79.8
173.592380952 0.538413 80.1
174.130793651 0.741587 80.2
174.872380952 0.497778 80.3
175.370158730 0.242358 80.4
175.612517007 0.230023 80.5
175.842539683 0.196122 80.6
176.038662132 0.179751 80.7
176.218412698 0.218549 80.8
176.436961451 0.190363 81.1
176.627324263 0.186825 81.2
176.814149660 0.349025 81.3
177.163174603 0.314943 81.4
177.478117914 0.572449 81.5
178.050566893 0.600862 81.6
178.651428571 0.609524 81.7
179.260952381 1.12327 81.8
180.384217687 0.791655 82.1
181.175873016 0.383855 82.2
181.559727891 0.291701 82.3
181.851428571 0.230748 82.4
182.082176871 0.236553 82.5
182.318730159 0.216236 82.6
182.534965986 0.291701 82.7
182.826666667 0.378776 82.8
183.205442177 0.317098 83.1
183.522539683 0.257007 83.2
183.779546485 0.225533 83.3
184.005079365 0.239274 83.4
184.244353741 0.228027 83.5
184.472380952 0.253787 83.6
184.726167800 0.25415 83.7
184.980317460 0.335374 83.8
185.315691610 0.258912 84.1
185.574603175 0.243084 84.2
185.817687075 0.290249 84.3
186.107936508 0.249615 84.4
186.357551020 0.238005 84.5
186.595555556 0.2322 84.6
186.827755102 0.285896 84.7
187.113650794 0.258571 84.8
187.372222222 0.305238 85.1
187.677460317 0.23 85.2
187.907460317 0.222063 85.3
188.129523810 0.22458 85.4
188.354104308 0.242721 85.5
188.596825397 0.258435 85.6
188.855260771 0.264739 85.7
189.120000000 0.407075 85.8
189.527074830 0.43102 86.1
189.958095238 0.341043 86.2
190.299138322 0.283719 86.3
190.582857143 0.227846 86.4
190.810702948 0.229297 86.5
191.040000000 0.214059 86.6
191.254058957 0.253243 86.7
191.507301587 0.248889 86.8
191.756190476 0.253968 87.1
192.010158730 0.251066 87.2
192.261224490 0.256871 87.3
192.518095238 0.233764 87.4
192.751859410 0.197982 87.5
192.949841270 0.277914 87.6
193.227755102 0.270658 87.7
193.498412698 0.539138 87.8
194.037551020 0.359909 88.1
194.397460317 0.383129 88.2
194.780589569 0.373696 88.3
195.154285714 0.183583 88.4
195.337868481 0.177052 88.5
195.514920635 0.211882 88.6
195.726802721 0.204626 88.7
195.931428571 0.239456 88.8
196.170884354 0.212608 89.1
196.383492063 0.405624 89.2
196.789115646 0.173424 89.3
196.962539683 0.19229 89.4
197.154829932 0.20898 89.5
197.363809524 0.238005 89.6
197.601814059 0.254694 89.7
197.856507937 0.37805 89.8
198.234557823 0.460045 90.1
198.694603175 0.445533 90.2
199.140136054 0.25034 90.3
199.390476190 0.254694 90.4
199.645170068 0.27356 90.5
199.918730159 0.260363 90.6
200.179092971 0.252653 90.7
200.431746032 0.476009 90.8
200.907755102 0.544943 91.1
201.452698413 0.485442 91.2
201.938140590 0.466644 91.3
202.404784580 0.380884 91.4
202.785668934 0.531156 91.5
203.316825397 0.54288 91.6
203.859705215 0.585419 91.7
204.445124717 91.8