1.654920635 0.794535 1.1
2.449455782 0.28034 1.2
2.729795918 0.191565 1.3
2.921360544 0.195918 1.4
3.117278912 0.205782 1.5
3.323061224 0.199116 1.6
3.522176871 0.213741 1.7
3.735918367 0.278231 1.8
4.014149660 0.378776 2.1
4.392925170 0.238231 2.2
4.631156463 0.188435 2.3
4.819591837 0.230748 2.4
5.050340136 0.214308 2.5
5.264648526 0.218934 2.6
5.483582766 0.219705 2.7
5.703287982 0.25263 2.8
5.955918367 0.435374 3.1
6.391292517 0.217687 3.2
6.608979592 0.200272 3.3
6.809251701 0.217687 3.4
7.026938776 0.213333 3.5
7.240272109 0.192132 3.6
7.432403628 0.243243 3.7
7.675646259 0.230748 3.8
7.906394558 0.313469 4.1
8.219863946 0.20898 4.2
8.428843537 0.213333 4.3
8.642176871 0.216485 4.4
8.858662132 0.214467 4.5
9.073129252 0.204694 4.6
9.277823129 0.20898 4.7
9.486802721 0.300408 4.8
9.787210884 0.422313 5.1
10.209523810 0.220726 5.2
10.430249433 0.207438 5.3
10.637687075 0.211837 5.4
10.849523810 0.195918 5.5
11.045442177 0.230748 5.6
11.276190476 0.204626 5.7
11.480816327 0.273991 5.8
11.754807256 0.300703 6.1
12.055510204 0.204626 6.2
12.260136054 0.222041 6.3
12.482176871 0.214014 6.4
12.696190476 0.224059 6.5
12.920249433 0.198231 6.6
13.118480726 0.268413 6.7
13.386893424 0.244671 6.8
13.631564626 0.300408 7.1
13.931972789 0.235102 7.2
14.167074830 0.187211 7.3
14.354285714 0.187211 7.4
14.541496599 0.222041 7.5
14.763537415 0.239456 7.6
15.002993197 0.217687 7.7
15.220680272 0.256871 7.8
15.477551020 0.300408 8.1
15.777959184 0.200272 8.2
15.978231293 0.19322 8.3
16.171451247 0.211678 8.4
16.383129252 0.222041 8.5
16.605170068 0.278639 8.6
16.883809524 0.264717 8.7
17.148526077 0.397052 8.8
17.545578231 0.408866 9.1
17.954444444 0.230748 9.2
18.185192744 0.19195 9.3
18.377142857 0.203311 9.4
18.580453515 0.222721 9.5
18.803174603 0.200907 9.6
19.004081633 0.217234 9.7
19.221315193 0.274739 9.8
19.496054422 0.291701 10.1
19.787755102 0.226395 10.2
20.014149660 0.178503 10.3
20.192653061 0.24381 10.4
20.436462585 0.187211 10.5
20.623673469 0.213333 10.6
20.837006803 0.230272 10.7
21.067278912 0.274762 10.8
21.342040816 0.353719 11.1
21.695759637 0.213152 11.2
21.908911565 0.205714 11.3
22.114625850 0.206372 11.4
22.320997732 0.183265 11.5
22.504263039 0.17873 11.6
22.682993197 0.247188 11.7
22.930181406 0.249138 11.8
23.179319728 0.391837 12.1
23.571156463 0.221542 12.2
23.792698413 0.196213 12.3
23.988911565 0.195986 12.4
24.184897959 0.213469 12.5
24.398367347 0.200272 12.6
24.598639456 0.20898 12.7
24.807619048 0.274286 12.8
25.081904762 0.426667 13.1
25.508571429 0.203651 13.2
25.712222222 0.19254 13.3
25.904761905 0.206893 13.4
26.111655329 0.233787 13.5
26.345442177 0.193197 13.6
26.538639456 0.193333 13.7
26.731972789 0.278639 13.8
27.010612245 0.378776 14.1
27.389387755 0.195918 14.2
27.585306122 0.187211 14.3
27.772517007 0.235102 14.4
28.007619048 0.235102 14.5
28.242721088 0.239456 14.6
28.482176871 0.278639 14.7
28.760816327 0.335238 14.8
29.096054422 0.412698 15.1
29.508752834 0.231655 15.2
29.740408163 0.189819 15.3
29.930226757 0.210726 15.4
30.140952381 0.214921 15.5
30.355873016 0.203492 15.6
30.559365079 0.204649 15.7
30.764013605 0.256395 15.8
31.020408163 0.309116 16.1
31.329523810 0.230748 16.2
31.560272109 0.206644 16.3
31.766916100 0.21 16.4
31.976916100 0.20229 16.5
32.179206349 0.221338 16.6
32.400544218 0.213333 16.7
32.613877551 0.265578 16.8
32.879455782 0.378776 17.1
33.258231293 0.20898 17.2
33.467210884 0.207528 17.3
33.674739229 0.218095 17.4
33.892834467 0.214376 17.5
34.107210884 0.20898 17.6
34.316190476 0.195918 17.7
34.512108844 0.291701 17.8
34.803809524 0.35585 18.1
35.159659864 0.21449 18.2
35.374149660 0.199138 18.3
35.573287982 0.210635 18.4
35.783922902 0.238934 18.5
36.022857143 0.217687 18.6
36.240544218 0.226395 18.7
36.466938776 0.382494 18.8
36.849433107 0.378844 19.1
37.228276644 0.226961 19.2
37.455238095 0.183175 19.3
37.638412698 0.226077 19.4
37.864489796 0.217687 19.5
38.082176871 0.222041 19.6
38.304217687 0.205646 19.7
38.509863946 0.272744 19.8
38.782607710 0.327052 20.1
39.109659864 0.206417 20.2
39.316077098 0.189773 20.3
39.505850340 0.207687 20.4
39.713537415 0.195125 20.5
39.908662132 0.217324 20.6
40.125986395 0.211224 20.7
40.337210884 0.265782 20.8
40.602993197 0.296054 21.1
40.899047619 0.20898 21.2
41.108027211 0.22034 21.3
41.328367347 0.167143 21.4
41.495510204 0.218163 21.5
41.713673469 0.24059 21.6
41.954263039 0.20737 21.7
42.161632653 0.256871 21.8
42.418503401 0.269932 22.1
42.688435374 0.219002 22.2
42.907437642 0.203311 22.3
43.110748299 0.191565 22.4
43.302312925 0.204626 22.5
43.506938776 0.204626 22.6
43.711564626 0.226395 22.7
43.937959184 0.252517 22.8
44.190476190 0.252517 23.1
44.442993197 0.245669 23.2
44.688662132 0.206825 23.3
44.895487528 0.214082 23.4
45.109569161 0.205442 23.5
45.315011338 0.231066 23.6
45.546077098 0.189977 23.7
45.736054422 0.236939 23.8
45.972993197 0.324694 24.1
46.297687075 0.220431 24.2
46.518117914 0.197664 24.3
46.715782313 0.190023 24.4
46.905804989 0.19585 24.5
47.101655329 0.214807 24.6
47.316462585 0.230839 24.7
47.547301587 0.204535 24.8
47.751836735 0.531156 25.1
48.282993197 0.230748 25.2
48.513741497 0.195918 25.3
48.709659864 0.191565 25.4
48.901224490 0.191565 25.5
49.092789116 0.230748 25.6
49.323537415 0.224739 25.7
49.548276644 0.221361 25.8
49.769637188 0.341927 26.1
50.111564626 0.21068 26.2
50.322244898 0.214059 26.3
50.536303855 0.213039 26.4
50.749342404 0.22161 26.5
50.970952381 0.229048 26.6
51.200000000 0.240998 26.7
51.440997732 0.329342 26.8
51.770340136 0.483265 27.1
52.253605442 0.239456 27.2
52.493061224 0.204626 27.3
52.697687075 0.204626 27.4
52.902312925 0.213333 27.5
53.115646259 0.20898 27.6
53.324625850 0.217687 27.7
53.542312925 0.252517 27.8
53.794829932 0.300408 28.1
54.095238095 0.234376 28.2
54.329614512 0.201247 28.3
54.530861678 0.197143 28.4
54.728004535 0.194898 28.5
54.922902494 0.225782 28.6
55.148684807 0.214558 28.7
55.363242630 0.290635 28.8
55.653877551 0.370068 29.1
56.023945578 0.20898 29.2
56.232925170 0.195918 29.3
56.428843537 0.214422 29.4
56.643265306 0.214467 29.5
56.857732426 0.189342 29.6
57.047074830 0.217687 29.7
57.264761905 0.304286 29.8
57.569047619 0.335714 30.1
57.904761905 0.22941 30.2
58.134172336 0.210703 30.3
58.344875283 0.203651 30.4
58.548526077 0.179728 30.5
58.728253968 0.2239 30.6
58.952154195 0.210839 30.7
59.162993197 0.316508 30.8
59.479501134 0.619546 31.1
60.099047619 0.252517 31.2
60.351564626 0.195918 31.3
60.547482993 0.211247 31.4
60.758730159 0.213311 31.5
60.972040816 0.2061 31.6
61.178140590 0.213968 31.7
61.392108844 0.265578 31.8
61.657687075 0.313469 32.1
61.971156463 0.217687 32.2
62.188843537 0.191565 32.3
62.380408163 0.228934 32.4
62.609342404 0.175964 32.5
62.785306122 0.2478 32.6
63.033106576 0.191927 32.7
63.225034014 0.378776 32.8
63.603809524 0.41746 33.1
64.021269841 0.225692 33.2
64.246961451 0.20966 33.3
64.456621315 0.200816 33.4
64.657437642 0.196825 33.5
64.854263039 0.216757 33.6
65.071020408 0.20898 33.7
65.280000000 0.230748 33.8
65.510748299 0.322177 34.1
65.832925170 0.182857 34.2
66.015782313 0.222041 34.3
66.237823129 0.191565 34.4
66.429387755 0.2278 34.5
66.657188209 0.25195 34.6
66.909138322 0.216848 34.7
67.125986395 0.439728 34.8
67.565714286 0.509388 35.1
68.075102041 0.216803 35.2
68.291904762 0.227551 35.3
68.519455782 0.19873 35.4
68.718185941 0.205896 35.5
68.924081633 0.21898 35.6
69.143061224 0.185918 35.7
69.328979592 0.265578 35.8
69.594557823 0.330884 36.1
69.925442177 0.239456 36.2
70.164897959 0.191565 36.3
70.356462585 0.195918 36.4
70.552380952 0.204626 36.5
70.757006803 0.204626 36.6
70.961632653 0.222041 36.7
71.183673469 0.256871 36.8
71.440544218 0.317823 37.1
71.758367347 0.200272 37.2
71.958639456 0.200272 37.3
72.158911565 0.222041 37.4
72.380952381 0.245488 37.5
72.626439909 0.228345 37.6
72.854784580 0.209705 37.7
73.064489796 0.287347 37.8
73.351836735 0.370068 38.1
73.721904762 0.252517 38.2
73.974421769 0.217687 38.3
74.192108844 0.233741 38.4
74.425850340 0.218776 38.5
74.644625850 0.211633 38.6
74.856258503 0.215306 38.7
75.071564626 0.348299 38.8
75.419863946 0.389388 39.1
75.809251701 0.207687 39.2
76.016938776 0.173537 39.3
76.190476190 0.222041 39.4
76.412517007 0.197347 39.5
76.609863946 0.185782 39.6
76.795646259 0.222041 39.7
77.017687075 0.269932 39.8
77.287619048 0.248163 40.1
77.535782313 0.187211 40.2
77.722993197 0.222041 40.3
77.945034014 0.204626 40.4
78.149659864 0.217687 40.5
78.367346939 0.222041 40.6
78.589387755 0.195918 40.7
78.785306122 0.261224 40.8
79.046530612 0.409252 41.1
79.455782313 0.226644 41.2
79.682426304 0.205351 41.3
79.887777778 0.221723 41.4
80.109501134 0.225737 41.5
80.335238095 0.202404 41.6
80.537641723 0.193787 41.7
80.731428571 0.272834 41.8
81.004263039 0.297506 42.1
81.301768707 0.213333 42.2
81.515102041 0.200272 42.3
81.715374150 0.22585 42.4
81.941224490 0.216984 42.5
82.158208617 0.205873 42.6
82.364081633 0.204626 42.7
82.568707483 0.311655 42.8
82.880362812 0.402358 43.1
83.282721088 0.248163 43.2
83.530884354 0.195918 43.3
83.726802721 0.213583 43.4
83.940385488 0.20873 43.5
84.149115646 0.230363 43.6
84.379478458 0.214581 43.7
84.594058957 0.247029 43.8
84.841088435 0.344218 44.1
85.185306122 0.213333 44.2
85.398639456 0.205193 44.3
85.603832200 0.243243 44.4
85.847074830 0.236735 44.5
86.083809524 0.220408 44.6
86.304217687 0.281995 44.7
86.586213152 0.436372 44.8
87.022585034 0.511995 45.1
87.534580499 0.223787 45.2
87.758367347 0.217687 45.3
87.976054422 0.204626 45.4
88.180680272 0.191565 45.5
88.372244898 0.222041 45.6
88.594285714 0.222041 45.7
88.816326531 0.288753 45.8
89.105079365 0.423537 46.1
89.528616780 0.219773 46.2
89.748390023 0.194762 46.3
89.943151927 0.180726 46.4
90.123877551 0.219048 46.5
90.342925170 0.20966 46.6
90.552585034 0.196803 46.7
90.749387755 0.302834 46.8
91.052222222 0.376349 47.1
91.428571429 0.230748 47.2
91.659319728 0.178503 47.3
91.837823129 0.20898 47.4
92.046802721 0.222041 47.5
92.268843537 0.230748 47.6
92.499591837 0.20898 47.7
92.708571429 0.313469 47.8
93.022040816 0.444082 48.1
93.466122449 0.217687 48.2
93.683809524 0.190839 48.3
93.874648526 0.235828 48.4
94.110476190 0.213333 48.5
94.323809524 0.274286 48.6
94.598095238 0.330884 48.7
94.928979592 0.666122 48.8
95.595102041 0.33102 49.1
95.926122449 0.439796 49.2
96.365918367 0.511791 49.3
96.877709751 0.521973 49.4
97.399682540 0.539909 49.5
97.939591837 0.683469 49.6
98.623061224 0.38102 49.7
99.004081633 0.348299 49.8
99.352380952 0.435374 50.1
99.787755102 0.272834 50.2
100.060589569 0.330884 50.3
100.391473923 0.286009 50.4
100.677482993 0.306848 50.5
100.984331066 0.248866 50.6
101.233197279 0.168345 50.7
101.401541950 0.240907 50.8
101.642448980 0.261224 51.1
101.903673469 0.328662 51.2
102.232335601 0.631338 51.3
102.863673469 0.333061 51.4
103.196734694 0.280816 51.5
103.477551020 0.235102 51.6
103.712653061 0.261224 51.7
103.973877551 0.327846 51.8
104.301723356 0.612562 52.1
104.914285714 0.241633 52.2
105.155918367 0.241633 52.3
105.397551020 0.235102 52.4
105.632653061 0.262721 52.5
105.895374150 0.211293 52.6
106.106666667 0.208503 52.7
106.315170068 0.284014 52.8
106.599183673 0.337506 53.1
106.936689342 0.220567 53.2
107.157256236 0.229977 53.3
107.387233560 0.204603 53.4
107.591836735 0.256009 53.5
107.847845805 0.199796 53.6
108.047641723 0.227438 53.7
108.275079365 0.263696 53.8
108.538775510 0.396485 54.1
108.935260771 0.220295 54.2
109.155555556 0.214172 54.3
109.369727891 0.22356 54.4
109.593287982 0.201519 54.5
109.794807256 0.191043 54.6
109.985850340 0.220522 54.7
110.206371882 0.290136 54.8
110.496507937 0.350476 55.1
110.846984127 0.218413 55.2
111.065396825 0.21898 55.3
111.284376417 0.217846 55.4
111.502222222 0.19415 55.5
111.696371882 0.242676 55.6
111.939047619 0.23873 55.7
112.177777778 0.426667 55.8
112.604444444 0.965079 56.1
113.569523810 0.31127 56.2
113.880793651 0.33381 56.3
114.214603175 0.223492 56.4
114.438095238 0.294603 56.5
114.732698413 0.213333 56.6
114.946031746 0.274286 56.7
115.220317460 0.253968 56.8
115.474285714 0.341791 57.1
115.816077098 0.242336 57.2
116.058412698 0.279365 57.3
116.337777778 0.213333 57.4
116.551111111 0.24381 57.5
116.794920635 0.193016 57.6
116.987936508 0.248889 57.7
117.236825397 0.223492 57.8
117.460317460 0.228571 58.1
117.688888889 0.198095 58.2
117.886984127 0.228571 58.3
118.115555556 0.24839 58.4
118.363945578 0.239229 58.5
118.603174603 0.198095 58.6
118.801269841 0.213333 58.7
119.014603175 0.416032 58.8
119.430634921 0.800499 59.1
120.231133787 0.768889 59.2
121.000022676 0.974399 59.3
121.974421769 0.301859 59.4
122.276281179 0.255419 59.5
122.531700680 0.263832 59.6
122.795532880 0.241224 59.7
123.036757370 0.267959 59.8
123.304716553 0.531791 60.1
123.836507937 0.686304 60.2
124.522811791 0.275578 60.3
124.798390023 0.345556 60.4
125.143945578 0.416553 60.5
125.560498866 0.52907 60.6
126.089569161 0.272902 60.7
126.362471655 0.308186 60.8
126.670657596 0.580499 61.1
127.251156463 0.755737 61.2
128.006893424 0.37483 61.3
128.381723356 0.500635 61.4
128.882358277 0.5722 61.5
129.454557823 0.6222 61.6
130.076757370 0.651587 61.7
130.728344671 1.02168 61.8
131.750022676 0.597914 62.1
132.347936508 0.284444 62.2
132.632380952 0.226395 62.3
132.858775510 0.236871 62.4
133.095646259 0.237052 62.5
133.332698413 0.240091 62.6
133.572789116 0.233968 62.7
133.806757370 0.294286 62.8
134.101043084 0.296054 63.1
134.397097506 0.22059 63.2
134.617687075 0.2322 63.3
134.849886621 0.214785 63.4
135.064671202 0.230658 63.5
135.295328798 0.244082 63.6
135.539410431 0.241383 63.7
135.780793651 0.372268 63.8
136.153061224 0.432562 64.1
136.585623583 0.238639 64.2
136.824263039 0.230703 64.3
137.054965986 0.203991 64.4
137.258956916 0.214785 64.5
137.473741497 0.202268 64.6
137.676009070 0.215692 64.7
137.891700680 0.191565 64.8
138.083265306 0.290249 65.1
138.373514739 0.2322 65.2
138.605714286 0.214785 65.3
138.820498866 0.213401 65.4
139.033900227 0.225306 65.5
139.259206349 0.233787 65.6
139.492993197 0.273719 65.7
139.766712018 0.388798 65.8
140.155510204 0.41229 66.1
140.567800454 0.19737 66.2
140.765170068 0.223923 66.3
140.989092971 0.234943 66.4
141.224036281 0.200952 66.5
141.424988662 0.191224 66.6
141.616213152 0.249093 66.7
141.865306122 0.196122 66.8
142.061428571 0.241429 67.1
142.302857143 0.221542 67.2
142.524399093 0.20288 67.3
142.727278912 0.218912 67.4
142.946190476 0.241224 67.5
143.187414966 0.207415 67.6
143.394829932 0.243424 67.7
143.638253968 0.304376 67.8
143.942630385 0.394649 68.1
144.337278912 0.201134 68.2
144.538412698 0.220454 68.3
144.758866213 0.208753 68.4
144.967619048 0.238367 68.5
145.205986395 0.238005 68.6
145.443990930 0.208639 68.7
145.652630385 0.249138 68.8
145.901768707 0.285261 69.1
146.187029478 0.216009 69.2
146.403038549 0.220272 69.3
146.623310658 0.254535 69.4
146.877845805 0.257483 69.5
147.135328798 0.273923 69.6
147.409251701 0.322245 69.7
147.731496599 0.581315 69.8
148.312811791 0.799932 70.1
149.112743764 0.481814 70.2
149.594557823 0.354104 70.3
149.948662132 0.342494 70.4
150.291156463 0.290249 70.5
150.581405896 0.292358 70.6
150.873764172 0.328776 70.7
151.202539683 0.267029 70.8
151.469569161 0.272834 71.1
151.742403628 0.248367 71.2
151.990770975 0.320522 71.3
152.311292517 0.198571 71.4
152.509863946 0.251179 71.5
152.761043084 0.214989 71.6
152.976031746 0.264059 71.7
153.240090703 0.17415 71.8
153.414240363 0.226327 72.1
153.640566893 0.226463 72.2
153.867029478 0.238889 72.3
154.105918367 0.187619 72.4
154.293537415 0.19712 72.5
154.490657596 0.186757 72.6
154.677414966 0.229297 72.7
154.906712018 0.193333 72.8
155.100045351 0.194626 73.1
155.294671202 0.18059 73.2
155.475260771 0.230884 73.3
155.706145125 0.180862 73.4
155.887006803 0.19068 73.5
156.077687075 0.189909 73.6
156.267596372 0.287143 73.7
156.554739229 0.257642 73.8
156.812380952 0.367959 74.1
157.180340136 0.30102 74.2
157.481360544 0.28585 74.3
157.767210884 0.261587 74.4
158.028798186 0.208912 74.5
158.237709751 0.19805 74.6
158.435759637 0.209637 74.7
158.645396825 0.212132 74.8
158.857528345 0.193311 75.1
159.050839002 0.185306 75.2
159.236145125 0.23805 75.3
159.474195011 0.226848 75.4
159.701043084 0.255419 75.5
159.956462585 0.214875 75.6
160.171337868 0.230862 75.7
160.402199546 0.35585 75.8
160.758049887 0.558639 76.1
161.316689342 0.319683 76.2
161.636371882 0.328617 76.3
161.964988662 0.435624 76.4
162.400612245 0.480408 76.5
162.881020408 0.273991 76.6
163.155011338 0.275578 76.7
163.430589569 0.171406 76.8
163.601995465 0.212562 77.1
163.814557823 0.219206 77.2
164.033764172 0.224195 77.3
164.257959184 0.20898 77.4
164.466938776 0.22059 77.5
164.687528345 0.214785 77.6
164.902312925 0.319274 77.7
165.221587302 0.371519 77.8
165.593106576 0.354104 78.1
165.947210884 0.307664 78.2
166.254875283 0.24381 78.3
166.498684807 0.226395 78.4
166.725079365 0.203175 78.5
166.928253968 0.230385 78.6
167.158639456 0.245624 78.7
167.404263039 0.19737 78.8
167.601632653 0.20898 79.1
167.810612245 0.204558 79.2
168.015170068 0.207596 79.3
168.222766440 0.22059 79.4
168.443356009 0.22059 79.5
168.663945578 0.255419 79.6
168.919365079 0.24381 79.7
169.163174603 0.331156 79.8
169.494331066 0.566757 80.1
170.061088435 0.681927 80.2
170.743015873 0.568005 80.3
171.311020408 0.359909 80.4
171.670929705 0.394739 80.5
172.065668934 0.291293 80.6
172.356961451 0.295011 80.7
172.651972789 0.272834 80.8
172.924807256 0.249955 81.1
173.174761905 0.231859 81.2
173.406621315 0.360159 81.3
173.766780045 0.34805 81.4
174.114829932 0.557279 81.5
174.672108844 0.563084 81.6
175.235192744 0.615329 81.7
175.850521542 0.731429 81.8
176.581950113 0.673379 82.1
177.255328798 0.272834 82.2
177.528163265 0.22059 82.3
177.748752834 0.22059 82.4
177.969342404 0.19737 82.5
178.166712018 0.249615 82.6
178.416326531 0.22059 82.7
178.636916100 0.290249 82.8
178.927165533 0.371519 83.1
179.298684807 0.2322 83.2
179.530884354 0.2178 83.3
179.748684807 0.20356 83.4
179.952244898 0.217188 83.5
180.169433107 0.203175 83.6
180.372607710 0.214785 83.7
180.587392290 0.277778 83.8
180.865170068 0.435873 84.1
181.301043084 0.231179 84.2
181.532222222 0.221973 84.3
181.754195011 0.230975 84.4
181.985170068 0.204762 84.5
182.189931973 0.210862 84.6
182.400793651 0.23576 84.7
182.636553288 0.249615 84.8
182.886167800 0.325079 85.1
183.211247166 0.226395 85.2
183.437641723 0.191565 85.3
183.629206349 0.22059 85.4
183.849795918 0.2322 85.5
184.081995465 0.210454 85.6
184.292448980 0.195896 85.7
184.488344671 0.313469 85.8
184.801814059 0.516803 86.1
185.318616780 0.203016 86.2
185.521632653 0.20898 86.3
185.730612245 0.214785 86.4
185.945396825 0.181859 86.5
186.127256236 0.237959 86.6
186.365215420 0.247392 86.7
186.612607710 0.273197 86.8
186.885804989 0.362676 87.1
187.248480726 0.209252 87.2
187.457732426 0.229161 87.3
187.686893424 0.203175 87.4
187.890068027 0.226395 87.5
188.116462585 0.249615 87.6
188.366077098 0.301859 87.7
188.667936508 0.458594 87.8
189.126530612 0.563084 88.1
189.689614512 0.657392 88.2
190.347006803 0.655646 88.3
191.002653061 0.271927 88.4
191.274580499 0.329637 88.5
191.604217687 0.256463 88.6
191.860680272 0.278639 88.7
192.139319728 0.19737 88.8
192.336689342 0.261224 89.1
192.597913832 0.476009 89.2
193.073922902 0.237075 89.3
193.310997732 0.204104 89.4
193.515102041 0.242971 89.5
193.758072562 0.291088 89.6
194.049160998 0.311882 89.7
194.361043084 0.384717 89.8
194.745759637 0.499229 90.1
195.244988662 0.525737 90.2
195.770725624 0.850045 90.3
196.620770975 0.272834 90.4
196.893605442 0.30771 90.5
197.201315193 0.284399 90.6
197.485714286 0.330884 90.7
197.816598639 0.505034 90.8
198.321632653 0.495079 91.1
198.816712018 0.38771 91.2
199.204421769 0.379909 91.3
199.584331066 0.380249 91.4
199.964580499 0.45737 91.5
200.421950113 0.340272 91.6
200.762222222 0.474853 91.7
201.237074830 91.8