1.654920635 0 1.1
2.449455782 75.5159 1.2
2.729795918 214.026 1.3
2.921360544 313.21 1.4
3.117278912 306.25 1.5
3.323061224 291.57 1.6
3.522176871 301.332 1.7
3.735918367 280.713 1.8
4.014149660 215.648 2.1
4.392925170 158.405 2.2
4.631156463 251.856 2.3
4.819591837 318.412 2.4
5.050340136 260.024 2.5
5.264648526 279.97 2.6
5.483582766 274.055 2.7
5.703287982 273.093 2.8
5.955918367 237.501 3.1
6.391292517 137.813 3.2
6.608979592 275.625 3.3
6.809251701 299.592 3.4
7.026938776 275.625 3.5
7.240272109 281.25 3.6
7.432403628 312.286 3.7
7.675646259 246.667 3.8
7.906394558 260.024 4.1
8.219863946 191.406 4.2
8.428843537 287.109 4.3
8.642176871 281.25 4.4
8.858662132 277.155 4.5
9.073129252 279.763 4.6
9.277823129 293.121 4.7
9.486802721 287.109 4.8
9.787210884 199.728 5.1
10.209523810 142.075 5.2
10.430249433 271.831 5.3
10.637687075 289.244 5.4
10.849523810 283.237 5.5
11.045442177 306.25 5.6
11.276190476 260.024 5.7
11.480816327 293.218 5.8
11.754807256 218.985 6.1
12.055510204 199.532 6.2
12.260136054 293.218 6.3
12.482176871 270.221 6.4
12.696190476 280.356 6.5
12.920249433 267.787 6.6
13.118480726 302.677 6.7
13.386893424 223.536 6.8
13.631564626 245.227 7.1
13.931972789 199.728 7.2
14.167074830 255.208 7.3
14.354285714 320.494 7.4
14.541496599 320.494 7.5
14.763537415 270.221 7.6
15.002993197 250.568 7.7
15.220680272 275.625 7.8
15.477551020 233.581 8.1
15.777959184 199.728 8.2
15.978231293 299.592 8.3
16.171451247 310.527 8.4
16.383129252 283.449 8.5
16.605170068 270.221 8.6
16.883809524 215.332 8.7
17.148526077 226.658 8.8
17.545578231 151.114 9.1
17.954444444 146.747 9.2
18.185192744 260.024 9.3
18.377142857 312.581 9.4
18.580453515 295.115 9.5
18.803174603 269.395 9.6
19.004081633 298.646 9.7
19.221315193 276.2 9.8
19.496054422 218.389 10.1
19.787755102 205.69 10.2
20.014149660 265.024 10.3
20.192653061 336.128 10.4
20.436462585 246.094 10.5
20.623673469 320.494 10.6
20.837006803 281.25 10.7
21.067278912 260.561 10.8
21.342040816 218.371 11.1
21.695759637 169.626 11.2
21.908911565 281.489 11.3
22.114625850 291.667 11.4
22.320997732 290.737 11.5
22.504263039 327.394 11.6
22.682993197 335.702 11.7
22.930181406 242.73 11.8
23.179319728 240.83 12.1
23.571156463 153.125 12.2
23.792698413 270.829 12.3
23.988911565 305.79 12.4
24.184897959 306.144 12.5
24.398367347 281.071 12.6
24.598639456 299.592 12.7
24.807619048 287.109 12.8
25.081904762 218.75 13.1
25.508571429 140.625 13.2
25.712222222 294.622 13.3
25.904761905 311.624 13.4
26.111655329 290.004 13.5
26.345442177 256.644 13.6
26.538639456 310.563 13.7
26.731972789 310.345 13.8
27.010612245 215.332 14.1
27.389387755 158.405 14.2
27.585306122 306.25 14.3
27.772517007 320.494 14.4
28.007619048 255.208 14.5
28.242721088 255.208 14.6
28.482176871 250.568 14.7
28.760816327 215.332 14.8
29.096054422 178.977 15.1
29.508752834 145.385 15.2
29.740408163 259.005 15.3
29.930226757 316.091 15.4
30.140952381 284.73 15.5
30.355873016 279.173 15.6
30.559365079 294.852 15.7
30.764013605 293.186 15.8
31.020408163 234.014 16.1
31.329523810 194.102 16.2
31.560272109 260.024 16.3
31.766916100 290.354 16.4
31.976916100 285.714 16.5
32.179206349 296.604 16.6
32.400544218 271.079 16.7
32.613877551 281.25 16.8
32.879455782 225.922 17.1
33.258231293 158.405 17.2
33.467210884 287.109 17.3
33.674739229 289.117 17.4
33.892834467 275.109 17.5
34.107210884 279.882 17.6
34.316190476 287.109 17.7
34.512108844 306.25 17.8
34.803809524 205.69 18.1
35.159659864 168.61 18.2
35.374149660 279.734 18.3
35.573287982 301.298 18.4
35.783922902 284.853 18.5
36.022857143 251.115 18.6
36.240544218 275.625 18.7
36.466938776 265.024 18.8
36.849433107 156.865 19.1
37.228276644 158.377 19.2
37.455238095 264.362 19.3
37.638412698 327.556 19.4
37.864489796 265.396 19.5
38.082176871 275.625 19.6
38.304217687 270.221 19.7
38.509863946 291.763 19.8
38.782607710 219.987 20.1
39.109659864 183.457 20.2
39.316077098 290.673 20.3
39.505850340 316.167 20.4
39.713537415 288.896 20.5
39.908662132 307.496 20.6
40.125986395 276.085 20.7
40.337210884 284.058 20.8
40.602993197 225.749 21.1
40.899047619 202.665 21.2
41.108027211 287.109 21.3
41.328367347 272.306 21.4
41.495510204 358.974 21.5
41.713673469 275.023 21.6
41.954263039 249.387 21.7
42.161632653 289.338 21.8
42.418503401 233.581 22.1
42.688435374 222.278 22.2
42.907437642 273.97 22.3
43.110748299 295.115 22.4
43.302312925 313.21 22.5
43.506938776 293.218 22.6
43.711564626 293.218 22.7
43.937959184 265.024 22.8
44.190476190 237.608 23.1
44.442993197 237.608 23.2
44.688662132 244.231 23.3
44.895487528 290.1 23.4
45.109569161 280.267 23.5
45.315011338 292.053 23.6
45.546077098 259.666 23.7
45.736054422 315.827 23.8
45.972993197 253.23 24.1
46.297687075 184.789 24.2
46.518117914 272.194 24.3
46.715782313 303.545 24.4
46.905804989 315.752 24.5
47.101655329 306.356 24.6
47.316462585 279.32 24.7
47.547301587 259.921 24.8
47.751836735 293.348 25.1
48.282993197 112.961 25.2
48.513741497 260.024 25.3
48.709659864 306.25 25.4
48.901224490 313.21 25.5
49.092789116 313.21 25.6
49.323537415 260.024 25.7
49.548276644 266.976 25.8
49.769637188 271.051 26.1
50.111564626 175.476 26.2
50.322244898 284.792 26.3
50.536303855 280.297 26.4
50.749342404 281.639 26.5
50.970952381 270.746 26.6
51.200000000 261.954 26.7
51.440997732 248.965 26.8
51.770340136 182.181 27.1
52.253605442 124.155 27.2
52.493061224 250.568 27.3
52.697687075 293.218 27.4
52.902312925 293.218 27.5
53.115646259 281.25 27.6
53.324625850 287.109 27.7
53.542312925 275.625 27.8
53.794829932 237.608 28.1
54.095238095 199.728 28.2
54.329614512 255.998 28.3
54.530861678 298.141 28.4
54.728004535 304.348 28.5
54.922902494 307.853 28.6
55.148684807 265.743 28.7
55.363242630 279.645 28.8
55.653877551 206.445 29.1
56.023945578 162.132 29.2
56.232925170 287.109 29.3
56.428843537 306.25 29.4
56.643265306 279.822 29.5
56.857732426 279.763 29.6
57.047074830 316.886 29.7
57.264761905 275.625 29.8
57.569047619 197.183 30.1
57.904761905 178.723 30.2
58.134172336 261.54 30.3
58.344875283 284.761 30.4
58.548526077 294.622 30.5
58.728253968 333.838 30.6
58.952154195 267.977 30.7
59.162993197 284.577 30.8
59.479501134 189.569 31.1
60.099047619 96.845 31.2
60.351564626 237.608 31.3
60.547482993 306.25 31.4
60.758730159 284.027 31.5
60.972040816 281.28 31.6
61.178140590 291.121 31.7
61.392108844 280.415 31.8
61.657687075 225.922 32.1
61.971156463 191.406 32.2
62.188843537 275.625 32.3
62.380408163 313.21 32.4
62.609342404 262.084 32.5
62.785306122 340.979 32.6
63.033106576 242.13 32.7
63.225034014 312.618 32.8
63.603809524 158.405 33.1
64.021269841 143.726 33.2
64.246961451 265.849 33.3
64.456621315 286.178 33.4
64.657437642 298.78 33.5
64.854263039 304.839 33.6
65.071020408 276.807 33.7
65.280000000 287.109 33.8
65.510748299 260.024 34.1
65.832925170 186.233 34.2
66.015782313 328.125 34.3
66.237823129 270.221 34.4
66.429387755 313.21 34.5
66.657188209 263.388 34.6
66.909138322 238.142 34.7
67.125986395 276.691 34.8
67.565714286 136.448 35.1
68.075102041 117.788 35.2
68.291904762 276.749 35.3
68.519455782 263.677 35.4
68.718185941 301.917 35.5
68.924081633 291.41 35.6
69.143061224 273.998 35.7
69.328979592 322.722 35.8
69.594557823 225.922 36.1
69.925442177 181.332 36.2
70.164897959 250.568 36.3
70.356462585 313.21 36.4
70.552380952 306.25 36.5
70.757006803 293.218 36.6
70.961632653 293.218 36.7
71.183673469 270.221 36.8
71.440544218 233.581 37.1
71.758367347 188.784 37.2
71.958639456 299.592 37.3
72.158911565 299.592 37.4
72.380952381 270.221 37.5
72.626439909 244.412 37.6
72.854784580 262.761 37.7
73.064489796 286.116 37.8
73.351836735 208.807 38.1
73.721904762 162.132 38.2
73.974421769 237.608 38.3
74.192108844 275.625 38.4
74.425850340 256.694 38.5
74.644625850 274.254 38.6
74.856258503 283.51 38.7
75.071564626 278.673 38.8
75.419863946 172.266 39.1
75.809251701 154.088 39.2
76.016938776 288.896 39.3
76.190476190 345.747 39.4
76.412517007 270.221 39.5
76.609863946 304.033 39.6
76.795646259 322.959 39.7
77.017687075 270.221 39.8
77.287619048 222.278 40.1
77.535782313 241.776 40.2
77.722993197 320.494 40.3
77.945034014 270.221 40.4
78.149659864 293.218 40.5
78.367346939 275.625 40.6
78.589387755 270.221 40.7
78.785306122 306.25 40.8
79.046530612 229.688 41.1
79.455782313 146.609 41.2
79.682426304 264.732 41.3
79.887777778 292.182 41.4
80.109501134 270.607 41.5
80.335238095 265.796 41.6
80.537641723 296.437 41.7
80.731428571 309.619 41.8
81.004263039 219.914 42.1
81.301768707 201.677 42.2
81.515102041 281.25 42.3
81.715374150 299.592 42.4
81.941224490 265.663 42.5
82.158208617 276.518 42.6
82.364081633 291.442 42.7
82.568707483 293.218 42.8
82.880362812 192.52 43.1
83.282721088 149.121 43.2
83.530884354 241.776 43.3
83.726802721 306.25 43.4
83.940385488 280.922 43.5
84.149115646 287.452 43.6
84.379478458 260.459 43.7
84.594058957 279.615 43.8
84.841088435 242.886 44.1
85.185306122 174.308 44.2
85.398639456 281.25 44.3
85.603832200 292.408 44.4
85.847074830 246.667 44.5
86.083809524 253.448 44.6
86.304217687 272.222 44.7
86.586213152 212.769 44.8
87.022585034 137.497 45.1
87.534580499 117.189 45.2
87.758367347 268.112 45.3
87.976054422 275.625 45.4
88.180680272 293.218 45.5
88.372244898 313.21 45.6
88.594285714 270.221 45.7
88.816326531 270.221 45.8
89.105079365 207.79 46.1
89.528616780 141.664 46.2
89.748390023 273.009 46.3
89.943151927 308.068 46.4
90.123877551 331.995 46.5
90.342925170 273.913 46.6
90.552585034 286.178 46.7
90.749387755 304.874 46.8
91.052222222 198.128 47.1
91.428571429 159.426 47.2
91.659319728 260.024 47.3
91.837823129 336.128 47.4
92.046802721 287.109 47.5
92.268843537 270.221 47.6
92.499591837 260.024 47.7
92.708571429 287.109 47.8
93.022040816 191.406 48.1
93.466122449 135.11 48.2
93.683809524 275.625 48.3
93.874648526 314.401 48.4
94.110476190 254.423 48.5
94.323809524 281.25 48.6
94.598095238 218.75 48.7
94.928979592 181.332 48.8
95.595102041 90.0735 49.1
95.926122449 181.258 49.2
96.365918367 136.427 49.3
96.877709751 117.235 49.4
97.399682540 114.949 49.5
97.939591837 111.13 49.6
98.623061224 87.7874 49.7
99.004081633 157.472 49.8
99.352380952 172.266 50.1
99.787755102 137.813 50.2
100.060589569 219.914 50.3
100.391473923 181.332 50.4
100.677482993 209.784 50.5
100.984331066 195.536 50.6
101.233197279 241.093 50.7
101.401541950 356.412 50.8
101.642448980 249.059 51.1
101.903673469 229.688 51.2
102.232335601 182.558 51.3
102.863673469 95.0363 51.4
103.196734694 180.147 51.5
103.477551020 213.663 51.6
103.712653061 255.208 51.7
103.973877551 229.688 51.8
104.301723356 183.013 52.1
104.914285714 97.9492 52.2
105.155918367 248.311 52.3
105.397551020 248.311 52.4
105.632653061 255.208 52.5
105.895374150 228.379 52.6
106.106666667 283.967 52.7
106.315170068 287.765 52.8
106.599183673 211.257 53.1
106.936689342 177.775 53.2
107.157256236 272.026 53.3
107.387233560 260.895 53.4
107.591836735 293.251 53.5
107.847845805 234.367 53.6
108.047641723 300.306 53.7
108.275079365 263.809 53.8
108.538775510 227.535 54.1
108.935260771 151.33 54.2
109.155555556 272.362 54.3
109.369727891 280.148 54.4
109.593287982 268.384 54.5
109.794807256 297.738 54.6
109.985850340 314.065 54.7
110.206371882 272.082 54.8
110.496507937 206.8 55.1
110.846984127 171.196 55.2
111.065396825 274.709 55.3
111.284376417 273.998 55.4
111.502222222 275.424 55.5
111.696371882 309.04 55.6
111.939047619 247.243 55.7
112.177777778 251.33 55.8
112.604444444 140.625 56.1
113.569523810 62.1711 56.2
113.880793651 192.759 56.3
114.214603175 179.743 56.4
114.438095238 268.466 56.5
114.732698413 203.664 56.6
114.946031746 281.25 56.7
115.220317460 218.75 56.8
115.474285714 236.25 57.1
115.816077098 175.546 57.2
116.058412698 247.591 57.3
116.337777778 214.773 57.4
116.551111111 281.25 57.5
116.794920635 246.094 57.6
116.987936508 310.855 57.7
117.236825397 241.071 57.8
117.460317460 268.466 58.1
117.688888889 262.5 58.2
117.886984127 302.885 58.3
118.115555556 262.5 58.4
118.363945578 241.556 58.5
118.603174603 250.806 58.6
118.801269841 302.885 58.7
119.014603175 281.25 58.8
119.430634921 144.22 59.1
120.231133787 74.9533 59.2
121.000022676 78.0347 59.3
121.974421769 61.5764 59.4
122.276281179 198.768 59.5
122.531700680 234.908 59.6
122.795532880 227.417 59.7
123.036757370 248.731 59.8
123.304716553 223.915 60.1
123.836507937 112.826 60.2
124.522811791 87.4248 60.3
124.798390023 217.724 60.4
125.143945578 173.633 60.5
125.560498866 144.039 60.6
126.089569161 113.406 60.7
126.362471655 219.859 60.8
126.670657596 194.688 61.1
127.251156463 103.359 61.2
128.006893424 79.3927 61.3
128.381723356 160.073 61.4
128.882358277 119.848 61.5
129.454557823 104.859 61.6
130.076757370 96.4321 61.7
130.728344671 92.0828 61.8
131.750022676 58.7269 62.1
132.347936508 100.349 62.2
132.632380952 210.938 62.3
132.858775510 265.024 62.4
133.095646259 253.303 62.5
133.332698413 253.109 62.6
133.572789116 249.906 62.7
133.806757370 256.445 62.8
134.101043084 203.883 63.1
134.397097506 202.665 63.2
134.617687075 271.998 63.3
134.849886621 258.398 63.4
135.064671202 279.35 63.5
135.295328798 260.126 63.6
135.539410431 245.819 63.7
135.780793651 248.567 63.8
136.153061224 161.174 64.1
136.585623583 138.708 64.2
136.824263039 251.425 64.3
137.054965986 260.075 64.4
137.258956916 294.131 64.5
137.473741497 279.35 64.6
137.676009070 296.637 64.7
137.891700680 278.175 64.8
138.083265306 313.21 65.1
138.373514739 206.719 65.2
138.605714286 258.398 65.3
138.820498866 279.35 65.4
139.033900227 281.16 65.5
139.259206349 266.304 65.6
139.492993197 256.644 65.7
139.766712018 219.203 65.8
140.155510204 154.322 66.1
140.567800454 145.529 66.2
140.765170068 303.998 66.3
140.989092971 267.949 66.4
141.224036281 255.381 66.5
141.424988662 298.578 66.6
141.616213152 313.767 66.7
141.865306122 240.874 66.8
142.061428571 305.931 67.1
142.302857143 248.521 67.2
142.524399093 270.829 67.3
142.727278912 295.742 67.4
142.946190476 274.083 67.5
143.187414966 248.731 67.6
143.394829932 289.275 67.7
143.638253968 246.483 67.8
143.942630385 197.124 68.1
144.337278912 152.034 68.2
144.538412698 298.309 68.3
144.758866213 272.166 68.4
144.967619048 287.421 68.5
145.205986395 251.712 68.6
145.443990930 252.096 68.7
145.652630385 287.577 68.8
145.901768707 240.83 69.1
146.187029478 210.334 69.2
146.403038549 277.766 69.3
146.623310658 272.39 69.4
146.877845805 235.724 69.5
147.135328798 233.025 69.6
147.409251701 219.04 69.7
147.731496599 186.194 69.8
148.312811791 103.214 70.1
149.112743764 75.0064 70.2
149.594557823 124.529 70.3
149.948662132 169.442 70.4
150.291156463 175.185 70.5
150.581405896 206.719 70.6
150.873764172 205.228 70.7
151.202539683 182.495 70.8
151.469569161 224.694 71.1
151.742403628 219.914 71.2
151.990770975 241.578 71.3
152.311292517 187.195 71.4
152.509863946 302.158 71.5
152.761043084 238.873 71.6
152.976031746 279.084 71.7
153.240090703 227.222 71.8
153.414240363 344.531 72.1
153.640566893 265.104 72.2
153.867029478 264.944 72.3
154.105918367 251.163 72.4
154.293537415 319.797 72.5
154.490657596 304.383 72.6
154.677414966 321.272 72.7
154.906712018 261.669 72.8
155.100045351 310.345 73.1
155.294671202 308.284 73.2
155.475260771 332.245 73.3
155.706145125 259.87 73.4
155.887006803 331.745 73.5
156.077687075 314.663 73.6
156.267596372 315.94 73.7
156.554739229 208.955 73.8
156.812380952 232.882 74.1
157.180340136 163.062 74.2
157.481360544 199.322 74.3
157.767210884 209.9 74.4
158.028798186 229.369 74.5
158.237709751 287.203 74.6
158.435759637 302.954 74.7
158.645396825 286.209 74.8
158.857528345 282.843 75.1
159.050839002 310.381 75.2
159.236145125 323.789 75.3
159.474195011 252.048 75.4
159.701043084 264.494 75.5
159.956462585 234.908 75.6
160.171337868 279.232 75.7
160.402199546 259.896 75.8
160.758049887 168.61 76.1
161.316689342 107.404 76.2
161.636371882 187.686 76.3
161.964988662 182.583 76.4
162.400612245 137.734 76.5
162.881020408 124.894 76.6
163.155011338 218.985 76.7
163.430589569 217.724 76.8
163.601995465 350.046 77.1
163.814557823 282.27 77.2
164.033764172 273.715 77.3
164.257959184 267.624 77.4
164.466938776 287.109 77.5
164.687528345 271.998 77.6
164.902312925 279.35 77.7
165.221587302 187.926 77.8
165.593106576 161.499 78.1
165.947210884 169.442 78.2
166.254875283 195.018 78.3
166.498684807 246.094 78.4
166.725079365 265.024 78.5
166.928253968 295.313 78.6
167.158639456 260.433 78.7
167.404263039 244.276 78.8
167.601632653 303.998 79.1
167.810612245 287.109 79.2
168.015170068 293.316 79.3
168.222766440 289.022 79.4
168.443356009 271.998 79.5
168.663945578 271.998 79.6
168.919365079 234.908 79.7
169.163174603 246.094 79.8
169.494331066 181.183 80.1
170.061088435 105.865 80.2
170.743015873 87.9859 80.3
171.311020408 105.633 80.4
171.670929705 166.709 80.5
172.065668934 151.999 80.6
172.356961451 205.979 80.7
172.651972789 203.382 80.8
172.924807256 219.914 81.1
173.174761905 240.044 81.2
173.406621315 258.777 81.3
173.766780045 166.593 81.4
174.114829932 172.389 81.5
174.672108844 107.666 81.6
175.235192744 106.556 81.7
175.850521542 97.5088 81.8
176.581950113 82.0313 82.1
177.255328798 89.1029 82.2
177.528163265 219.914 82.3
177.748752834 271.998 82.4
177.969342404 271.998 82.5
178.166712018 303.998 82.6
178.416326531 240.371 82.7
178.636916100 271.998 82.8
178.927165533 206.719 83.1
179.298684807 161.499 83.2
179.530884354 258.398 83.3
179.748684807 275.482 83.4
179.952244898 294.753 83.5
180.169433107 276.258 83.6
180.372607710 295.313 83.7
180.587392290 279.35 83.8
180.865170068 216 84.1
181.301043084 137.655 84.2
181.532222222 259.539 84.3
181.754195011 270.303 84.4
181.985170068 259.768 84.5
182.189931973 293.023 84.6
182.400793651 284.547 84.7
182.636553288 254.496 84.8
182.886167800 240.371 85.1
183.211247166 184.57 85.2
183.437641723 265.024 85.3
183.629206349 313.21 85.4
183.849795918 271.998 85.5
184.081995465 258.398 85.6
184.292448980 285.099 85.7
184.488344671 306.285 85.8
184.801814059 191.406 86.1
185.318616780 116.098 86.2
185.521632653 295.543 86.3
185.730612245 287.109 86.4
185.945396825 279.35 86.5
186.127256236 329.925 86.6
186.365215420 252.144 86.7
186.612607710 242.53 86.8
186.885804989 219.622 87.1
187.248480726 165.437 87.2
187.457732426 286.736 87.3
187.686893424 261.825 87.4
187.890068027 295.313 87.5
188.116462585 265.024 87.6
188.366077098 240.371 87.7
188.667936508 198.768 87.8
189.126530612 130.835 88.1
189.689614512 106.556 88.2
190.347006803 91.2697 88.3
191.002653061 91.5128 88.4
191.274580499 220.647 88.5
191.604217687 182.018 88.6
191.860680272 233.952 88.7
192.139319728 215.332 88.8
192.336689342 303.998 89.1
192.597913832 229.688 89.2
193.073922902 126.048 89.3
193.310997732 253.085 89.4
193.515102041 293.967 89.5
193.758072562 246.944 89.6
194.049160998 206.123 89.7
194.361043084 192.38 89.8
194.745759637 155.959 90.1
195.244988662 120.185 90.2
195.770725624 114.126 90.3
196.620770975 70.5845 90.4
196.893605442 219.914 90.5
197.201315193 194.989 90.6
197.485714286 210.971 90.7
197.816598639 181.332 90.8
198.321632653 118.804 91.1
198.816712018 121.193 91.2
199.204421769 154.755 91.3
199.584331066 157.932 91.4
199.964580499 157.791 91.5
200.421950113 131.185 91.6
200.762222222 176.329 91.7
201.237074830 126.355 91.8