1.654920635 1.1
2.449455782 1.2
2.729795918 1.3
2.921360544 1.4
3.117278912 1.5
3.323061224 1.6
3.522176871 1.7
3.735918367 1.8
4.014149660 2.1
4.392925170 2.2
4.631156463 2.3
4.819591837 2.4
5.050340136 2.5
5.264648526 2.6
5.483582766 2.7
5.703287982 2.8
5.955918367 3.1
6.391292517 3.2
6.608979592 3.3
6.809251701 3.4
7.026938776 3.5
7.240272109 3.6
7.432403628 3.7
7.675646259 3.8
7.906394558 4.1
8.219863946 4.2
8.428843537 4.3
8.642176871 4.4
8.858662132 4.5
9.073129252 4.6
9.277823129 4.7
9.486802721 4.8
9.787210884 5.1
10.209523810 5.2
10.430249433 5.3
10.637687075 5.4
10.849523810 5.5
11.045442177 5.6
11.276190476 5.7
11.480816327 5.8
11.754807256 6.1
12.055510204 6.2
12.260136054 6.3
12.482176871 6.4
12.696190476 6.5
12.920249433 6.6
13.118480726 6.7
13.386893424 6.8
13.631564626 7.1
13.931972789 7.2
14.167074830 7.3
14.354285714 7.4
14.541496599 7.5
14.763537415 7.6
15.002993197 7.7
15.220680272 7.8
15.477551020 8.1
15.777959184 8.2
15.978231293 8.3
16.171451247 8.4
16.383129252 8.5
16.605170068 8.6
16.883809524 8.7
17.148526077 8.8
17.545578231 9.1
17.954444444 9.2
18.185192744 9.3
18.377142857 9.4
18.580453515 9.5
18.803174603 9.6
19.004081633 9.7
19.221315193 9.8
19.496054422 10.1
19.787755102 10.2
20.014149660 10.3
20.192653061 10.4
20.436462585 10.5
20.623673469 10.6
20.837006803 10.7
21.067278912 10.8
21.342040816 11.1
21.695759637 11.2
21.908911565 11.3
22.114625850 11.4
22.320997732 11.5
22.504263039 11.6
22.682993197 11.7
22.930181406 11.8
23.179319728 12.1
23.571156463 12.2
23.792698413 12.3
23.988911565 12.4
24.184897959 12.5
24.398367347 12.6
24.598639456 12.7
24.807619048 12.8
25.081904762 13.1
25.508571429 13.2
25.712222222 13.3
25.904761905 13.4
26.111655329 13.5
26.345442177 13.6
26.538639456 13.7
26.731972789 13.8
27.010612245 14.1
27.389387755 14.2
27.585306122 14.3
27.772517007 14.4
28.007619048 14.5
28.242721088 14.6
28.482176871 14.7
28.760816327 14.8
29.096054422 15.1
29.508752834 15.2
29.740408163 15.3
29.930226757 15.4
30.140952381 15.5
30.355873016 15.6
30.559365079 15.7
30.764013605 15.8
31.020408163 16.1
31.329523810 16.2
31.560272109 16.3
31.766916100 16.4
31.976916100 16.5
32.179206349 16.6
32.400544218 16.7
32.613877551 16.8
32.879455782 17.1
33.258231293 17.2
33.467210884 17.3
33.674739229 17.4
33.892834467 17.5
34.107210884 17.6
34.316190476 17.7
34.512108844 17.8
34.803809524 18.1
35.159659864 18.2
35.374149660 18.3
35.573287982 18.4
35.783922902 18.5
36.022857143 18.6
36.240544218 18.7
36.466938776 18.8
36.849433107 19.1
37.228276644 19.2
37.455238095 19.3
37.638412698 19.4
37.864489796 19.5
38.082176871 19.6
38.304217687 19.7
38.509863946 19.8
38.782607710 20.1
39.109659864 20.2
39.316077098 20.3
39.505850340 20.4
39.713537415 20.5
39.908662132 20.6
40.125986395 20.7
40.337210884 20.8
40.602993197 21.1
40.899047619 21.2
41.108027211 21.3
41.328367347 21.4
41.495510204 21.5
41.713673469 21.6
41.954263039 21.7
42.161632653 21.8
42.418503401 22.1
42.688435374 22.2
42.907437642 22.3
43.110748299 22.4
43.302312925 22.5
43.506938776 22.6
43.711564626 22.7
43.937959184 22.8
44.190476190 23.1
44.442993197 23.2
44.688662132 23.3
44.895487528 23.4
45.109569161 23.5
45.315011338 23.6
45.546077098 23.7
45.736054422 23.8
45.972993197 24.1
46.297687075 24.2
46.518117914 24.3
46.715782313 24.4
46.905804989 24.5
47.101655329 24.6
47.316462585 24.7
47.547301587 24.8
47.751836735 25.1
48.282993197 25.2
48.513741497 25.3
48.709659864 25.4
48.901224490 25.5
49.092789116 25.6
49.323537415 25.7
49.548276644 25.8
49.769637188 26.1
50.111564626 26.2
50.322244898 26.3
50.536303855 26.4
50.749342404 26.5
50.970952381 26.6
51.200000000 26.7
51.440997732 26.8
51.770340136 27.1
52.253605442 27.2
52.493061224 27.3
52.697687075 27.4
52.902312925 27.5
53.115646259 27.6
53.324625850 27.7
53.542312925 27.8
53.794829932 28.1
54.095238095 28.2
54.329614512 28.3
54.530861678 28.4
54.728004535 28.5
54.922902494 28.6
55.148684807 28.7
55.363242630 28.8
55.653877551 29.1
56.023945578 29.2
56.232925170 29.3
56.428843537 29.4
56.643265306 29.5
56.857732426 29.6
57.047074830 29.7
57.264761905 29.8
57.569047619 30.1
57.904761905 30.2
58.134172336 30.3
58.344875283 30.4
58.548526077 30.5
58.728253968 30.6
58.952154195 30.7
59.162993197 30.8
59.479501134 31.1
60.099047619 31.2
60.351564626 31.3
60.547482993 31.4
60.758730159 31.5
60.972040816 31.6
61.178140590 31.7
61.392108844 31.8
61.657687075 32.1
61.971156463 32.2
62.188843537 32.3
62.380408163 32.4
62.609342404 32.5
62.785306122 32.6
63.033106576 32.7
63.225034014 32.8
63.603809524 33.1
64.021269841 33.2
64.246961451 33.3
64.456621315 33.4
64.657437642 33.5
64.854263039 33.6
65.071020408 33.7
65.280000000 33.8
65.510748299 34.1
65.832925170 34.2
66.015782313 34.3
66.237823129 34.4
66.429387755 34.5
66.657188209 34.6
66.909138322 34.7
67.125986395 34.8
67.565714286 35.1
68.075102041 35.2
68.291904762 35.3
68.519455782 35.4
68.718185941 35.5
68.924081633 35.6
69.143061224 35.7
69.328979592 35.8
69.594557823 36.1
69.925442177 36.2
70.164897959 36.3
70.356462585 36.4
70.552380952 36.5
70.757006803 36.6
70.961632653 36.7
71.183673469 36.8
71.440544218 37.1
71.758367347 37.2
71.958639456 37.3
72.158911565 37.4
72.380952381 37.5
72.626439909 37.6
72.854784580 37.7
73.064489796 37.8
73.351836735 38.1
73.721904762 38.2
73.974421769 38.3
74.192108844 38.4
74.425850340 38.5
74.644625850 38.6
74.856258503 38.7
75.071564626 38.8
75.419863946 39.1
75.809251701 39.2
76.016938776 39.3
76.190476190 39.4
76.412517007 39.5
76.609863946 39.6
76.795646259 39.7
77.017687075 39.8
77.287619048 40.1
77.535782313 40.2
77.722993197 40.3
77.945034014 40.4
78.149659864 40.5
78.367346939 40.6
78.589387755 40.7
78.785306122 40.8
79.046530612 41.1
79.455782313 41.2
79.682426304 41.3
79.887777778 41.4
80.109501134 41.5
80.335238095 41.6
80.537641723 41.7
80.731428571 41.8
81.004263039 42.1
81.301768707 42.2
81.515102041 42.3
81.715374150 42.4
81.941224490 42.5
82.158208617 42.6
82.364081633 42.7
82.568707483 42.8
82.880362812 43.1
83.282721088 43.2
83.530884354 43.3
83.726802721 43.4
83.940385488 43.5
84.149115646 43.6
84.379478458 43.7
84.594058957 43.8
84.841088435 44.1
85.185306122 44.2
85.398639456 44.3
85.603832200 44.4
85.847074830 44.5
86.083809524 44.6
86.304217687 44.7
86.586213152 44.8
87.022585034 45.1
87.534580499 45.2
87.758367347 45.3
87.976054422 45.4
88.180680272 45.5
88.372244898 45.6
88.594285714 45.7
88.816326531 45.8
89.105079365 46.1
89.528616780 46.2
89.748390023 46.3
89.943151927 46.4
90.123877551 46.5
90.342925170 46.6
90.552585034 46.7
90.749387755 46.8
91.052222222 47.1
91.428571429 47.2
91.659319728 47.3
91.837823129 47.4
92.046802721 47.5
92.268843537 47.6
92.499591837 47.7
92.708571429 47.8
93.022040816 48.1
93.466122449 48.2
93.683809524 48.3
93.874648526 48.4
94.110476190 48.5
94.323809524 48.6
94.598095238 48.7
94.928979592 48.8
95.595102041 49.1
95.926122449 49.2
96.365918367 49.3
96.877709751 49.4
97.399682540 49.5
97.939591837 49.6
98.623061224 49.7
99.004081633 49.8
99.352380952 50.1
99.787755102 50.2
100.060589569 50.3
100.391473923 50.4
100.677482993 50.5
100.984331066 50.6
101.233197279 50.7
101.401541950 50.8
101.642448980 51.1
101.903673469 51.2
102.232335601 51.3
102.863673469 51.4
103.196734694 51.5
103.477551020 51.6
103.712653061 51.7
103.973877551 51.8
104.301723356 52.1
104.914285714 52.2
105.155918367 52.3
105.397551020 52.4
105.632653061 52.5
105.895374150 52.6
106.106666667 52.7
106.315170068 52.8
106.599183673 53.1
106.936689342 53.2
107.157256236 53.3
107.387233560 53.4
107.591836735 53.5
107.847845805 53.6
108.047641723 53.7
108.275079365 53.8
108.538775510 54.1
108.935260771 54.2
109.155555556 54.3
109.369727891 54.4
109.593287982 54.5
109.794807256 54.6
109.985850340 54.7
110.206371882 54.8
110.496507937 55.1
110.846984127 55.2
111.065396825 55.3
111.284376417 55.4
111.502222222 55.5
111.696371882 55.6
111.939047619 55.7
112.177777778 55.8
112.604444444 56.1
113.569523810 56.2
113.880793651 56.3
114.214603175 56.4
114.438095238 56.5
114.732698413 56.6
114.946031746 56.7
115.220317460 56.8
115.474285714 57.1
115.816077098 57.2
116.058412698 57.3
116.337777778 57.4
116.551111111 57.5
116.794920635 57.6
116.987936508 57.7
117.236825397 57.8
117.460317460 58.1
117.688888889 58.2
117.886984127 58.3
118.115555556 58.4
118.363945578 58.5
118.603174603 58.6
118.801269841 58.7
119.014603175 58.8
119.430634921 59.1
120.231133787 59.2
121.000022676 59.3
121.974421769 59.4
122.276281179 59.5
122.531700680 59.6
122.795532880 59.7
123.036757370 59.8
123.304716553 60.1
123.836507937 60.2
124.522811791 60.3
124.798390023 60.4
125.143945578 60.5
125.560498866 60.6
126.089569161 60.7
126.362471655 60.8
126.670657596 61.1
127.251156463 61.2
128.006893424 61.3
128.381723356 61.4
128.882358277 61.5
129.454557823 61.6
130.076757370 61.7
130.728344671 61.8
131.750022676 62.1
132.347936508 62.2
132.632380952 62.3
132.858775510 62.4
133.095646259 62.5
133.332698413 62.6
133.572789116 62.7
133.806757370 62.8
134.101043084 63.1
134.397097506 63.2
134.617687075 63.3
134.849886621 63.4
135.064671202 63.5
135.295328798 63.6
135.539410431 63.7
135.780793651 63.8
136.153061224 64.1
136.585623583 64.2
136.824263039 64.3
137.054965986 64.4
137.258956916 64.5
137.473741497 64.6
137.676009070 64.7
137.891700680 64.8
138.083265306 65.1
138.373514739 65.2
138.605714286 65.3
138.820498866 65.4
139.033900227 65.5
139.259206349 65.6
139.492993197 65.7
139.766712018 65.8
140.155510204 66.1
140.567800454 66.2
140.765170068 66.3
140.989092971 66.4
141.224036281 66.5
141.424988662 66.6
141.616213152 66.7
141.865306122 66.8
142.061428571 67.1
142.302857143 67.2
142.524399093 67.3
142.727278912 67.4
142.946190476 67.5
143.187414966 67.6
143.394829932 67.7
143.638253968 67.8
143.942630385 68.1
144.337278912 68.2
144.538412698 68.3
144.758866213 68.4
144.967619048 68.5
145.205986395 68.6
145.443990930 68.7
145.652630385 68.8
145.901768707 69.1
146.187029478 69.2
146.403038549 69.3
146.623310658 69.4
146.877845805 69.5
147.135328798 69.6
147.409251701 69.7
147.731496599 69.8
148.312811791 70.1
149.112743764 70.2
149.594557823 70.3
149.948662132 70.4
150.291156463 70.5
150.581405896 70.6
150.873764172 70.7
151.202539683 70.8
151.469569161 71.1
151.742403628 71.2
151.990770975 71.3
152.311292517 71.4
152.509863946 71.5
152.761043084 71.6
152.976031746 71.7
153.240090703 71.8
153.414240363 72.1
153.640566893 72.2
153.867029478 72.3
154.105918367 72.4
154.293537415 72.5
154.490657596 72.6
154.677414966 72.7
154.906712018 72.8
155.100045351 73.1
155.294671202 73.2
155.475260771 73.3
155.706145125 73.4
155.887006803 73.5
156.077687075 73.6
156.267596372 73.7
156.554739229 73.8
156.812380952 74.1
157.180340136 74.2
157.481360544 74.3
157.767210884 74.4
158.028798186 74.5
158.237709751 74.6
158.435759637 74.7
158.645396825 74.8
158.857528345 75.1
159.050839002 75.2
159.236145125 75.3
159.474195011 75.4
159.701043084 75.5
159.956462585 75.6
160.171337868 75.7
160.402199546 75.8
160.758049887 76.1
161.316689342 76.2
161.636371882 76.3
161.964988662 76.4
162.400612245 76.5
162.881020408 76.6
163.155011338 76.7
163.430589569 76.8
163.601995465 77.1
163.814557823 77.2
164.033764172 77.3
164.257959184 77.4
164.466938776 77.5
164.687528345 77.6
164.902312925 77.7
165.221587302 77.8
165.593106576 78.1
165.947210884 78.2
166.254875283 78.3
166.498684807 78.4
166.725079365 78.5
166.928253968 78.6
167.158639456 78.7
167.404263039 78.8
167.601632653 79.1
167.810612245 79.2
168.015170068 79.3
168.222766440 79.4
168.443356009 79.5
168.663945578 79.6
168.919365079 79.7
169.163174603 79.8
169.494331066 80.1
170.061088435 80.2
170.743015873 80.3
171.311020408 80.4
171.670929705 80.5
172.065668934 80.6
172.356961451 80.7
172.651972789 80.8
172.924807256 81.1
173.174761905 81.2
173.406621315 81.3
173.766780045 81.4
174.114829932 81.5
174.672108844 81.6
175.235192744 81.7
175.850521542 81.8
176.581950113 82.1
177.255328798 82.2
177.528163265 82.3
177.748752834 82.4
177.969342404 82.5
178.166712018 82.6
178.416326531 82.7
178.636916100 82.8
178.927165533 83.1
179.298684807 83.2
179.530884354 83.3
179.748684807 83.4
179.952244898 83.5
180.169433107 83.6
180.372607710 83.7
180.587392290 83.8
180.865170068 84.1
181.301043084 84.2
181.532222222 84.3
181.754195011 84.4
181.985170068 84.5
182.189931973 84.6
182.400793651 84.7
182.636553288 84.8
182.886167800 85.1
183.211247166 85.2
183.437641723 85.3
183.629206349 85.4
183.849795918 85.5
184.081995465 85.6
184.292448980 85.7
184.488344671 85.8
184.801814059 86.1
185.318616780 86.2
185.521632653 86.3
185.730612245 86.4
185.945396825 86.5
186.127256236 86.6
186.365215420 86.7
186.612607710 86.8
186.885804989 87.1
187.248480726 87.2
187.457732426 87.3
187.686893424 87.4
187.890068027 87.5
188.116462585 87.6
188.366077098 87.7
188.667936508 87.8
189.126530612 88.1
189.689614512 88.2
190.347006803 88.3
191.002653061 88.4
191.274580499 88.5
191.604217687 88.6
191.860680272 88.7
192.139319728 88.8
192.336689342 89.1
192.597913832 89.2
193.073922902 89.3
193.310997732 89.4
193.515102041 89.5
193.758072562 89.6
194.049160998 89.7
194.361043084 89.8
194.745759637 90.1
195.244988662 90.2
195.770725624 90.3
196.620770975 90.4
196.893605442 90.5
197.201315193 90.6
197.485714286 90.7
197.816598639 90.8
198.321632653 91.1
198.816712018 91.2
199.204421769 91.3
199.584331066 91.4
199.964580499 91.5
200.421950113 91.6
200.762222222 91.7
201.237074830 91.8