###data-type:		Global Beat Dynamics (0.2x2 smoothing; 100 ms delay)
###extraction-date:	Tue May 24 00:31:21 PDT 2022
2.067	59.7	1.1
3.924	76.8	1.2
4.793	79.9	1.3
5.457	78.7	1.4
6.341	72.3	2.1
7.523	78.1	2.2
8.255	79.7	2.3
8.94	75.8	2.4
9.834	73.5	3.1
11.018	77.1	3.2
11.761	76.4	3.3
12.458	76.6	3.4
13.27	73.5	4.1
14.292	76.0	4.2
15	75.7	4.3
15.697	74.3	4.4
16.556	69.9	5.1
17.809	77.1	5.2
18.518	81.0	5.3
19.249	73.7	5.4
20.085	74.7	6.1
21.055	77.2	6.2
21.722	81.8	6.3
22.421	73.1	6.4
23.38	76.6	7.1
24.493	77.3	7.2
25.224	80.7	7.3
25.95	73.7	7.4
26.758	76.8	8.1
27.723	79.0	8.2
28.444	78.7	8.3
29.222	71.6	8.4
30.171	72.2	9.1
31.68	70.8	9.2
32.518	70.7	9.3
33.29	70.5	9.4
34.306	76.1	10.1
35.378	76.8	10.2
36.165	79.1	10.3
36.947	75.9	10.4
37.953	71.0	11.1
39.467	74.6	11.2
40.259	72.2	11.3
40.996	79.0	11.4
41.935	72.7	12.1
43.027	74.0	12.2
43.759	76.0	12.3
44.5	75.8	12.4
45.45	75.0	13.1
46.532	72.1	13.2
47.253	73.5	13.3
48.029	70.3	13.4
48.931	69.8	14.1
50.077	70.4	14.2
50.799	72.3	14.3
51.632	69.3	14.4
52.594	73.1	15.1
54.116	70.4	15.2
54.938	73.7	15.3
55.71	70.9	15.4
56.721	73.9	16.1
57.787	75.6	16.2
58.519	76.2	16.3
59.291	67.9	16.4
60.368	76.9	17.1
61.597	75.2	17.2
62.4	76.3	17.3
63.137	73.8	17.4
64.056	72.0	18.1
65.3	74.1	18.2
66.057	76.1	18.3
66.819	72.5	18.4
67.83	65.6	19.1
69.435	68.4	19.2
70.268	77.6	19.3
71.015	72.9	19.4
71.964	76.6	20.1
73.016	77.0	20.2
73.756	80.7	20.3
74.479	75.0	20.4
75.398	76.6	21.1
76.577	76.7	21.2
77.379	74.8	21.3
78.122	73.4	21.4
79.015	77.7	22.1
80.132	79.6	22.2
80.869	75.3	22.3
81.62	73.3	22.4
82.667	77.3	23.1
83.84	79.1	23.2
84.561	77.6	23.3
85.371	80.0	23.4
86.39	73.8	24.1
87.568	80.8	24.2
88.371	81.4	24.3
89.102	74.7	24.4
90.122	76.4	25.1
91.449	74.3	25.2
92.287	80.6	25.3
93.029	78.0	25.4
93.91	75.1	26.1
95.116	77.5	26.2
95.868	81.1	26.3
96.64	79.2	26.4
97.546	76.4	27.1
99.109	74.9	27.2
99.904	80.0	27.3
100.683	77.1	27.4
101.493	73.4	28.1
102.796	75.4	28.2
103.558	76.7	28.3
104.33	77.8	28.4
105.317	74.5	29.1
106.753	70.8	29.2
107.576	77.0	29.3
108.299	75.3	29.4
109.119	75.1	30.1
110.215	72.9	30.2
110.938	75.2	30.3
111.756	71.7	30.4
112.894	72.5	31.1
115.026	61.0	31.2
115.947	69.3	31.3
116.724	74.0	31.4
117.674	69.8	32.1
118.705	73.2	32.2
119.488	76.3	32.3
120.269	69.3	32.4
121.29	75.9	33.1
122.834	69.5	33.2
123.656	75.7	33.3
124.434	70.6	33.4
125.359	65.0	34.1
126.507	75.5	34.2
127.244	72.8	34.3
128.046	66.4	34.4
129.224	66.5	35.1
130.789	68.2	35.2
131.647	72.3	35.3
132.424	71.6	35.4
133.404	71.6	36.1
134.441	72.3	36.2
135.167	77.1	36.3
135.939	73.9	36.4
136.955	75.5	37.1
138.083	76.0	37.2
138.824	73.8	37.3
139.606	71.5	37.4
140.561	71.1	38.1
141.714	69.0	38.2
142.527	66.6	38.3
143.304	65.9	38.4
144.399	62.9	39.1
146.09	72.5	39.2
147.019	71.7	39.3
147.82	68.5	39.4
148.907	74.0	40.1
149.725	74.7	40.2
150.466	73.7	40.3
151.285	72.8	40.4
152.25	75.0	41.1
153.31	72.7	41.2
154.067	74.6	41.3
154.834	74.6	41.4
155.718	73.3	42.1
156.841	74.9	42.2
157.55	80.7	42.3
158.324	78.5	42.4
159.203	73.3	43.1
160.447	74.7	43.2
161.214	72.6	43.3
162.052	71.1	43.4
163.002	67.6	44.1
164.216	72.5	44.2
165.023	70.5	44.3
165.933	67.2	44.4
167.091	61.0	45.1
168.635	73.4	45.2
169.493	69.6	45.3
170.347	72.7	45.4
171.23	71.0	46.1
172.378	74.3	46.2
173.146	72.2	46.3
174.004	71.0	46.4
174.933	72.2	47.1
176.239	75.2	47.2
177.026	70.0	47.3
177.818	67.5	47.4
178.802	71.8	48.1
180.074	67.3	48.2
180.952	69.3	48.3
181.846	63.9	48.4
183.523	63.3	49.1
184.764	60.3	49.2
186.09	49.2	49.3
187.778	67.4	49.4
188.48	66.7	50.1
188.872	68.6	50.2
189.551	68.9	50.3
190.028	62.4	50.4
190.424	63.1	51.1
191.033	64.3	51.2
191.531	68.3	51.3
191.941	67.2	51.4
192.773	66.6	52.1
193.998	69.1	52.2
194.795	70.3	52.3
195.572	69.0	52.4
196.356	69.1	53.1
197.373	70.1	53.2
198.139	72.7	53.3
198.864	70.5	53.4
199.713	67.9	54.1
200.812	76.5	54.2
201.515	72.7	54.3
202.284	69.5	54.4
203.093	70.0	55.1
204.069	77.4	55.2
204.793	74.1	55.3
205.537	72.8	55.4
206.557	72.3	56.1
208.091	64.9	56.2
208.614	68.8	56.3
208.995	70.2	56.4
209.567	68.9	57.1
210.155	73.0	57.2
210.582	68.1	57.3
210.955	63.8	57.4
211.44	69.6	58.1
212.022	75.0	58.2
212.455	71.4	58.3
212.85	79.3	58.4
213.579	72.6	59.1
215.301	66.3	59.2
216.607	67.3	59.3
217.091	75.1	59.4
217.697	75.2	60.1
219.03	80.0	60.2
219.683	79.3	60.3
220.656	76.9	60.4
221.57	78.2	61.1
223.781	77.9	61.2
225.227	77.4	61.3
226.447	66.4	61.4
228.682	57.1	62.1
230.302	69.3	62.2
231.184	73.4	62.3
231.909	71.5	62.4
232.947	70.0	63.1
233.998	70.1	63.2
234.717	76.2	63.3
235.429	72.6	63.4
236.539	63.1	64.1
237.91	72.0	64.2
238.658	77.0	64.3
239.39	69.0	64.4
240.239	66.9	65.1
241.102	74.1	65.2
241.85	74.7	65.3
242.54	73.8	65.4
243.345	68.9	66.1
244.744	75.7	66.2
245.481	78.0	66.3
246.289	72.2	66.4
247.068	75.6	67.1
247.873	79.1	67.2
248.57	74.8	67.3
249.317	73.8	67.4
250.175	74.4	68.1
251.439	74.3	68.2
252.232	74.0	68.3
252.865	78.5	68.4
253.693	70.7	69.1
254.549	74.7	69.2
255.26	80.3	69.3
256.109	73.2	69.4
257.3	74.1	70.1
258.257	72.0	70.2
258.814	73.5	70.3
259.334	71.7	70.4
259.813	81.4	71.1
260.305	74.2	71.2
260.854	82.7	71.3
261.308	79.6	71.4
261.799	84.7	72.1
262.375	80.3	72.2
262.856	79.3	72.3
263.282	76.9	72.4
263.724	79.6	73.1
264.424	80.8	73.2
264.856	81.5	73.3
265.412	81.7	73.4
265.971	75.6	74.1
267.024	80.0	74.2
267.801	78.9	74.3
268.402	78.7	74.4
269.244	82.6	75.1
269.799	83.8	75.2
270.354	80.5	75.3
270.922	80.0	75.4
271.714	82.2	76.1
272.764	77.9	76.2
273.502	80.0	76.3
274.183	82.0	76.4
274.638	75.4	77.1
275.398	76.6	77.2
275.828	74.0	77.3
276.302	77.4	77.4
276.813	75.7	78.1
277.793	77.2	78.2
278.433	81.1	78.3
279.04	79.0	78.4
279.824	81.0	79.1
280.398	83.5	79.2
280.96	82.7	79.3
281.482	79.0	79.4
282.329	81.0	80.1
283.514	77.5	80.2
284.839	80.2	80.3
285.492	76.2	80.4
286.002	77.5	81.1
286.446	80.8	81.2
287.282	81.6	81.3
288.687	75.0	81.4
290.351	79.8	82.1
291.931	76.8	82.2
292.767	81.6	82.3
293.453	81.6	82.4
294.361	77.8	83.1
295.458	79.4	83.2
296.176	82.2	83.3
296.882	81.2	83.4
297.804	76.8	84.1
298.932	76.3	84.2
299.755	81.3	84.3
300.46	79.6	84.4
301.185	77.5	85.1
302.171	76.8	85.2
302.901	80.6	85.3
303.604	79.9	85.4
304.424	74.8	86.1
305.58	78.7	86.2
306.358	85.7	86.3
307.056	80.0	86.4
307.873	80.6	87.1
308.882	81.5	87.2
309.6	85.0	87.3
310.298	76.4	87.4
311.478	82.6	88.1
312.548	73.9	88.2
313.809	68.9	88.3
314.527	78.8	88.4
315.114	76.2	89.1
315.832	73.7	89.2
316.408	75.5	89.3
316.968	71.7	89.4
317.881	75.8	90.1
319.014	66.2	90.2
320.363	81.3	90.3
321.016	77.2	90.4
321.835	78.8	91.1
323.223	72.4	91.2
324.242	71.6	91.3
325.306	63.8	91.4
