2.066575964 0 1.1
3.924172336 32.2998 1.2
4.793469388 69.0213 1.3
5.456689342 90.4677 1.4
6.341224490 67.8322 2.1
7.523265306 50.7597 2.2
8.254693878 82.0313 2.3
8.939682540 87.5927 2.4
9.833650794 67.1165 3.1
11.017868481 50.6664 3.2
11.760907029 80.7495 3.3
12.457505669 86.1328 3.4
13.270204082 73.8281 4.1
14.291882086 58.7269 4.2
15.000090703 84.7208 4.3
15.696689342 86.1328 4.4
16.555827664 69.8374 5.1
17.808979592 47.8793 5.2
18.517913832 84.6341 5.3
19.249342404 82.0313 5.4
20.085260771 71.7773 6.1
21.054693878 61.8918 6.2
21.721814059 89.9388 6.3
22.420839002 85.8338 6.4
23.380317460 62.534 7.1
24.492698413 53.9384 7.2
25.224126984 82.0313 7.3
25.950476190 82.6049 7.4
26.758095238 74.2924 8.1
27.723174603 62.1711 8.2
28.444444444 83.1866 8.3
29.221587302 77.2059 8.4
30.171428571 63.1684 9.1
31.680000000 39.7727 9.2
32.518095238 71.5909 9.3
33.290158730 77.7138 9.4
34.306031746 59.0625 10.1
35.377777778 55.9834 10.2
36.165079365 76.2097 10.3
36.947301587 76.7045 10.4
37.953015873 59.6591 11.1
39.466666667 39.6393 11.2
40.258616780 75.7623 11.3
40.995555556 81.4179 11.4
41.935238095 63.8514 12.1
43.027301587 54.9419 12.2
43.758730159 82.0313 12.3
44.500317460 80.9075 12.4
45.450158730 63.1684 13.1
46.532063492 55.4577 13.2
47.253333333 83.1866 13.3
48.028662132 77.3865 13.4
48.930544218 66.5275 14.1
50.077460317 52.3142 14.2
50.798730159 83.1866 14.3
51.631746032 72.0274 14.4
52.593990930 62.3542 15.1
54.115555556 39.4331 15.2
54.938412698 72.9167 15.3
55.710476190 77.7138 15.4
56.721269841 59.3593 16.1
57.786984127 56.3003 16.2
58.519365079 81.9246 16.3
59.291428571 77.7138 16.4
60.368253968 55.7193 17.1
61.597460317 48.812 17.2
62.400000000 74.7627 17.3
63.136507937 81.4655 17.4
64.055873016 65.2624 18.1
65.300317460 48.2143 18.2
66.057142857 79.2785 18.3
66.819047619 78.75 18.4
67.829841270 59.3593 19.1
69.434920635 37.3813 19.2
70.267936508 72.0274 19.3
71.014603175 80.3571 19.4
71.964444444 63.1684 20.1
73.015873016 57.0652 20.2
73.755600907 81.1109 20.3
74.478730159 82.9727 20.4
75.398095238 65.2624 21.1
76.576507937 50.9159 21.2
77.379047619 74.7627 21.3
78.121904762 80.7692 21.4
79.014603175 67.212 22.1
80.132063492 53.6932 22.2
80.868571429 81.4655 22.3
81.620317460 79.8142 22.4
82.666666667 57.3422 23.1
83.840000000 51.1364 23.2
84.560793651 83.2416 23.3
85.371473923 74.0119 23.4
86.389841270 58.9178 24.1
87.568253968 50.9159 24.2
88.370793651 74.7627 24.3
89.102222222 82.0313 24.4
90.122448980 58.8105 25.1
91.448888889 45.2339 25.2
92.286984127 71.5909 25.3
93.028571429 80.9075 25.4
93.910204082 68.0556 26.1
95.116190476 49.7518 26.2
95.867936508 79.8142 26.3
96.640000000 77.7138 26.4
97.545578231 66.256 27.1
99.108571429 38.3879 27.2
99.903854875 75.4448 27.3
100.683174603 76.9902 27.4
101.492970522 74.0927 28.1
102.796190476 46.0398 28.2
103.558095238 78.75 28.3
104.330158730 77.7138 28.4
105.317006803 60.7996 29.1
106.753015873 41.7825 29.2
107.575873016 72.9167 29.3
108.299319728 82.9363 29.4
109.119274376 73.1748 30.1
110.214965986 54.7599 30.2
110.938412698 82.9363 30.3
111.756190476 73.3696 30.4
112.893968254 52.7344 31.1
115.025850340 28.1441 31.2
115.946666667 65.1596 31.3
116.723809524 77.2059 31.4
117.674376417 63.1202 32.1
118.704761905 58.2306 32.2
119.488435374 76.5625 32.3
120.269206349 76.8471 32.4
121.290158730 58.7687 33.1
122.834285714 38.8569 33.2
123.656439909 72.979 33.3
124.434285714 77.1361 33.4
125.358730159 64.9038 34.1
126.506666667 52.2677 34.2
127.243764172 81.4004 34.3
128.045714286 74.8176 34.4
129.224126984 50.9159 35.1
130.788571429 38.3523 35.2
131.646984127 69.8964 35.3
132.424126984 77.2059 35.4
133.404444444 61.2047 36.1
134.440634921 57.9044 36.2
135.166984127 82.6049 36.3
135.939047619 77.7138 36.4
136.954920635 59.0625 37.1
138.082539683 53.2095 37.2
138.824126984 80.9075 37.3
139.606349206 76.7045 37.4
140.561269841 62.8324 38.1
141.714285714 52.0374 38.2
142.526984127 73.8281 38.3
143.304126984 77.2059 38.4
144.399092971 54.7962 39.1
146.089795918 35.4882 39.2
147.018594104 64.5996 39.3
147.819682540 74.8981 39.4
148.906666667 55.1986 40.1
149.725170068 73.3045 40.2
150.466031746 80.9868 40.3
151.285260771 73.2396 40.4
152.250340136 62.1711 41.1
153.310476190 56.5965 41.2
154.067301587 79.2785 41.3
154.834285714 78.2285 41.4
155.718095238 67.8879 42.1
156.840634921 53.4502 42.2
157.549659864 84.6233 42.3
158.323809524 77.5044 42.4
159.202539683 68.2803 43.1
160.446984127 48.2143 43.2
161.213968254 78.2285 43.3
162.052063492 71.5909 43.4
163.001904762 63.1684 44.1
164.215873016 49.4247 44.2
165.023492063 74.2924 44.3
165.932698413 65.9916 44.4
167.090793651 51.8092 45.1
168.634920635 38.8569 45.2
169.493333333 69.8964 45.3
170.346666667 70.3125 45.4
171.230476190 67.8879 46.1
172.378412698 52.2677 46.2
173.146417234 78.1245 46.3
174.003809524 69.9796 46.4
174.933333333 64.5492 47.1
176.238730159 45.963 47.2
177.026031746 76.2097 47.3
177.818412698 75.7212 47.4
178.802222222 60.9874 48.1
180.073650794 47.191 48.2
180.952380952 68.2803 48.3
181.846349206 67.1165 48.4
183.522539683 35.7955 49.1
184.764081633 48.327 49.2
186.089795918 45.2586 49.3
187.777959184 35.5416 49.4
188.480000000 85.4651 50.1
188.871836735 153.125 50.2
189.551020408 88.3413 50.3
190.027755102 125.856 50.4
190.423628118 151.564 51.1
191.033469388 98.3863 51.2
191.531337868 120.514 51.3
191.940634921 146.593 51.4
192.772517007 72.1256 52.1
193.998367347 48.9456 52.2
194.794761905 75.3395 52.3
195.572244898 77.1721 52.4
196.355918367 76.5625 53.1
197.372517007 59.0203 53.2
198.138775510 78.3026 53.3
198.863673469 82.7703 53.4
199.712653061 70.6731 54.1
200.811972789 54.5792 54.2
201.515102041 85.3328 54.3
202.283537415 78.0807 54.4
203.092630385 74.1571 55.1
204.068571429 61.4791 55.2
204.793469388 82.7703 55.3
205.537392290 80.6535 55.4
206.556734694 58.8615 56.1
208.091473923 39.0946 56.2
208.613877551 114.854 56.3
208.994761905 157.528 56.4
209.567346939 104.788 57.1
210.155102041 102.083 57.2
210.581768707 140.625 57.3
210.954739229 160.871 57.4
211.440000000 123.645 58.1
212.021723356 103.142 58.2
212.455056689 138.462 58.3
212.849818594 151.99 58.4
213.579455782 82.2327 59.1
215.301224490 34.8479 59.2
216.607346939 45.9375 59.3
217.090612245 124.155 59.4
217.696802721 98.9788 60.1
219.030204082 44.9977 60.2
219.683265306 91.875 60.3
220.656326531 61.6611 60.4
221.569841270 65.6804 61.1
223.781088435 27.134 61.2
225.227233560 41.4896 61.3
226.447120181 49.1849 61.4
228.682448980 26.8417 62.1
230.302040816 37.0464 62.2
231.183673469 68.0556 62.3
231.909297052 82.6875 62.4
232.946938776 57.8234 63.1
233.998367347 57.0652 63.2
234.717460317 83.4384 63.3
235.428571429 84.375 63.4
236.538775510 54.0441 64.1
237.910204082 43.75 64.2
238.657596372 80.2791 64.3
239.390476190 81.8688 64.4
240.239455782 70.6731 65.1
241.102222222 69.5437 65.2
241.850340136 80.2013 65.3
242.539682540 87.0395 65.4
243.345124717 74.4932 66.1
244.744126984 42.8877 66.2
245.480634921 81.4655 66.3
246.288979592 74.2258 66.4
247.067573696 77.062 67.1
247.873015873 74.4932 67.2
248.569614512 86.1328 67.3
249.317006803 80.2791 67.4
250.174693878 69.9556 68.1
251.439342404 47.444 68.2
252.232131519 75.6822 68.3
252.865306122 94.7606 68.4
253.692517007 72.5329 69.1
254.548752834 70.0742 69.2
255.259863946 84.375 69.3
256.108843537 70.6731 69.4
257.299591837 50.3885 70.1
258.256689342 62.6895 70.2
258.813922902 107.675 70.3
259.334195011 115.324 70.4
259.813242630 125.249 71.1
260.305079365 121.992 71.2
260.853514739 109.402 71.3
261.307913832 132.043 71.4
261.799183673 122.132 72.1
262.375351474 104.136 72.2
262.855941043 124.847 72.3
263.282403628 140.692 72.4
263.723945578 135.887 73.1
264.424489796 85.6477 73.2
264.855510204 139.205 73.3
265.411768707 107.864 73.4
265.970997732 107.291 74.1
267.023673469 56.9976 74.2
267.800816327 77.2059 74.3
268.401632653 99.8641 74.4
269.244081633 71.2209 75.1
269.799183673 108.088 75.2
270.354285714 108.088 75.3
270.922448980 105.603 75.4
271.714104308 75.7906 76.1
272.764081633 57.1441 76.2
273.502040816 81.3053 76.3
274.183378685 88.062 76.4
274.638231293 131.911 77.1
275.397528345 79.0205 77.2
275.827800454 139.447 77.3
276.302154195 126.488 77.4
276.813061224 117.438 78.1
277.792653061 61.25 78.2
278.432653061 93.75 78.3
279.039909297 98.8051 78.4
279.823673469 76.5536 79.1
280.398367347 104.403 79.2
280.960000000 106.831 79.3
281.482448980 114.844 79.4
282.328730159 70.8984 80.1
283.513673469 50.6353 80.2
284.839183673 45.2656 80.3
285.492244898 91.875 80.4
286.001632653 117.788 81.1
286.445714286 135.11 81.2
287.281632653 71.7773 81.3
288.686802721 42.6995 81.4
290.351020408 36.053 82.1
291.931428571 37.9649 82.2
292.767346939 71.7773 82.3
293.453061224 87.5 82.4
294.360816327 66.0971 83.1
295.457959184 54.6875 83.2
296.176326531 83.5227 83.3
296.881632653 85.0694 83.4
297.803537415 65.0826 84.1
298.932244898 53.1581 84.2
299.755102041 72.9167 84.3
300.460408163 85.0694 84.4
301.185306122 82.7703 85.1
302.171428571 60.8444 85.2
302.900997732 82.2403 85.3
303.603945578 85.3548 85.4
304.424489796 73.1222 86.1
305.580408163 51.9068 86.2
306.357551020 77.2059 86.3
307.056235828 85.8756 86.4
307.872653061 73.4918 87.1
308.881564626 59.47 87.2
309.599773243 83.5412 87.3
310.298095238 85.9202 87.4
311.477551020 50.8709 88.1
312.547913832 56.0558 88.2
313.808979592 47.5788 88.3
314.527346939 83.5227 88.4
315.114376417 102.21 89.1
315.831950113 83.6151 89.2
316.408163265 104.128 89.3
316.968299320 107.117 89.4
317.880748299 65.7571 90.1
319.013809524 52.9539 90.2
320.362811791 44.4773 90.3
321.015873016 91.875 90.4
321.835102041 73.2396 91.1
323.222857143 43.2353 91.2
324.241904762 58.8785 91.3
325.306213152 56.3746 91.4