2.066575964 1.1
3.924172336 1.2
4.793469388 1.3
5.456689342 1.4
6.341224490 2.1
7.523265306 2.2
8.254693878 2.3
8.939682540 2.4
9.833650794 3.1
11.017868481 3.2
11.760907029 3.3
12.457505669 3.4
13.270204082 4.1
14.291882086 4.2
15.000090703 4.3
15.696689342 4.4
16.555827664 5.1
17.808979592 5.2
18.517913832 5.3
19.249342404 5.4
20.085260771 6.1
21.054693878 6.2
21.721814059 6.3
22.420839002 6.4
23.380317460 7.1
24.492698413 7.2
25.224126984 7.3
25.950476190 7.4
26.758095238 8.1
27.723174603 8.2
28.444444444 8.3
29.221587302 8.4
30.171428571 9.1
31.680000000 9.2
32.518095238 9.3
33.290158730 9.4
34.306031746 10.1
35.377777778 10.2
36.165079365 10.3
36.947301587 10.4
37.953015873 11.1
39.466666667 11.2
40.258616780 11.3
40.995555556 11.4
41.935238095 12.1
43.027301587 12.2
43.758730159 12.3
44.500317460 12.4
45.450158730 13.1
46.532063492 13.2
47.253333333 13.3
48.028662132 13.4
48.930544218 14.1
50.077460317 14.2
50.798730159 14.3
51.631746032 14.4
52.593990930 15.1
54.115555556 15.2
54.938412698 15.3
55.710476190 15.4
56.721269841 16.1
57.786984127 16.2
58.519365079 16.3
59.291428571 16.4
60.368253968 17.1
61.597460317 17.2
62.400000000 17.3
63.136507937 17.4
64.055873016 18.1
65.300317460 18.2
66.057142857 18.3
66.819047619 18.4
67.829841270 19.1
69.434920635 19.2
70.267936508 19.3
71.014603175 19.4
71.964444444 20.1
73.015873016 20.2
73.755600907 20.3
74.478730159 20.4
75.398095238 21.1
76.576507937 21.2
77.379047619 21.3
78.121904762 21.4
79.014603175 22.1
80.132063492 22.2
80.868571429 22.3
81.620317460 22.4
82.666666667 23.1
83.840000000 23.2
84.560793651 23.3
85.371473923 23.4
86.389841270 24.1
87.568253968 24.2
88.370793651 24.3
89.102222222 24.4
90.122448980 25.1
91.448888889 25.2
92.286984127 25.3
93.028571429 25.4
93.910204082 26.1
95.116190476 26.2
95.867936508 26.3
96.640000000 26.4
97.545578231 27.1
99.108571429 27.2
99.903854875 27.3
100.683174603 27.4
101.492970522 28.1
102.796190476 28.2
103.558095238 28.3
104.330158730 28.4
105.317006803 29.1
106.753015873 29.2
107.575873016 29.3
108.299319728 29.4
109.119274376 30.1
110.214965986 30.2
110.938412698 30.3
111.756190476 30.4
112.893968254 31.1
115.025850340 31.2
115.946666667 31.3
116.723809524 31.4
117.674376417 32.1
118.704761905 32.2
119.488435374 32.3
120.269206349 32.4
121.290158730 33.1
122.834285714 33.2
123.656439909 33.3
124.434285714 33.4
125.358730159 34.1
126.506666667 34.2
127.243764172 34.3
128.045714286 34.4
129.224126984 35.1
130.788571429 35.2
131.646984127 35.3
132.424126984 35.4
133.404444444 36.1
134.440634921 36.2
135.166984127 36.3
135.939047619 36.4
136.954920635 37.1
138.082539683 37.2
138.824126984 37.3
139.606349206 37.4
140.561269841 38.1
141.714285714 38.2
142.526984127 38.3
143.304126984 38.4
144.399092971 39.1
146.089795918 39.2
147.018594104 39.3
147.819682540 39.4
148.906666667 40.1
149.725170068 40.2
150.466031746 40.3
151.285260771 40.4
152.250340136 41.1
153.310476190 41.2
154.067301587 41.3
154.834285714 41.4
155.718095238 42.1
156.840634921 42.2
157.549659864 42.3
158.323809524 42.4
159.202539683 43.1
160.446984127 43.2
161.213968254 43.3
162.052063492 43.4
163.001904762 44.1
164.215873016 44.2
165.023492063 44.3
165.932698413 44.4
167.090793651 45.1
168.634920635 45.2
169.493333333 45.3
170.346666667 45.4
171.230476190 46.1
172.378412698 46.2
173.146417234 46.3
174.003809524 46.4
174.933333333 47.1
176.238730159 47.2
177.026031746 47.3
177.818412698 47.4
178.802222222 48.1
180.073650794 48.2
180.952380952 48.3
181.846349206 48.4
183.522539683 49.1
184.764081633 49.2
186.089795918 49.3
187.777959184 49.4
188.480000000 50.1
188.871836735 50.2
189.551020408 50.3
190.027755102 50.4
190.423628118 51.1
191.033469388 51.2
191.531337868 51.3
191.940634921 51.4
192.772517007 52.1
193.998367347 52.2
194.794761905 52.3
195.572244898 52.4
196.355918367 53.1
197.372517007 53.2
198.138775510 53.3
198.863673469 53.4
199.712653061 54.1
200.811972789 54.2
201.515102041 54.3
202.283537415 54.4
203.092630385 55.1
204.068571429 55.2
204.793469388 55.3
205.537392290 55.4
206.556734694 56.1
208.091473923 56.2
208.613877551 56.3
208.994761905 56.4
209.567346939 57.1
210.155102041 57.2
210.581768707 57.3
210.954739229 57.4
211.440000000 58.1
212.021723356 58.2
212.455056689 58.3
212.849818594 58.4
213.579455782 59.1
215.301224490 59.2
216.607346939 59.3
217.090612245 59.4
217.696802721 60.1
219.030204082 60.2
219.683265306 60.3
220.656326531 60.4
221.569841270 61.1
223.781088435 61.2
225.227233560 61.3
226.447120181 61.4
228.682448980 62.1
230.302040816 62.2
231.183673469 62.3
231.909297052 62.4
232.946938776 63.1
233.998367347 63.2
234.717460317 63.3
235.428571429 63.4
236.538775510 64.1
237.910204082 64.2
238.657596372 64.3
239.390476190 64.4
240.239455782 65.1
241.102222222 65.2
241.850340136 65.3
242.539682540 65.4
243.345124717 66.1
244.744126984 66.2
245.480634921 66.3
246.288979592 66.4
247.067573696 67.1
247.873015873 67.2
248.569614512 67.3
249.317006803 67.4
250.174693878 68.1
251.439342404 68.2
252.232131519 68.3
252.865306122 68.4
253.692517007 69.1
254.548752834 69.2
255.259863946 69.3
256.108843537 69.4
257.299591837 70.1
258.256689342 70.2
258.813922902 70.3
259.334195011 70.4
259.813242630 71.1
260.305079365 71.2
260.853514739 71.3
261.307913832 71.4
261.799183673 72.1
262.375351474 72.2
262.855941043 72.3
263.282403628 72.4
263.723945578 73.1
264.424489796 73.2
264.855510204 73.3
265.411768707 73.4
265.970997732 74.1
267.023673469 74.2
267.800816327 74.3
268.401632653 74.4
269.244081633 75.1
269.799183673 75.2
270.354285714 75.3
270.922448980 75.4
271.714104308 76.1
272.764081633 76.2
273.502040816 76.3
274.183378685 76.4
274.638231293 77.1
275.397528345 77.2
275.827800454 77.3
276.302154195 77.4
276.813061224 78.1
277.792653061 78.2
278.432653061 78.3
279.039909297 78.4
279.823673469 79.1
280.398367347 79.2
280.960000000 79.3
281.482448980 79.4
282.328730159 80.1
283.513673469 80.2
284.839183673 80.3
285.492244898 80.4
286.001632653 81.1
286.445714286 81.2
287.281632653 81.3
288.686802721 81.4
290.351020408 82.1
291.931428571 82.2
292.767346939 82.3
293.453061224 82.4
294.360816327 83.1
295.457959184 83.2
296.176326531 83.3
296.881632653 83.4
297.803537415 84.1
298.932244898 84.2
299.755102041 84.3
300.460408163 84.4
301.185306122 85.1
302.171428571 85.2
302.900997732 85.3
303.603945578 85.4
304.424489796 86.1
305.580408163 86.2
306.357551020 86.3
307.056235828 86.4
307.872653061 87.1
308.881564626 87.2
309.599773243 87.3
310.298095238 87.4
311.477551020 88.1
312.547913832 88.2
313.808979592 88.3
314.527346939 88.4
315.114376417 89.1
315.831950113 89.2
316.408163265 89.3
316.968299320 89.4
317.880748299 90.1
319.013809524 90.2
320.362811791 90.3
321.015873016 90.4
321.835102041 91.1
323.222857143 91.2
324.241904762 91.3
325.306213152 91.4