2.066575964 0 1.1
3.297233560 48.7544 1.2
3.924172336 95.7031 1.3
4.446621315 114.844 1.4
4.793469388 172.986 1.5
5.108390023 190.524 1.6
5.456689342 172.266 1.7
5.828208617 161.499 1.8
6.341224490 116.955 2.1
7.000816327 90.9653 2.2
7.523265306 114.844 2.3
7.894784580 161.499 2.4
8.254693878 166.709 2.5
8.579773243 184.57 2.6
8.939682540 166.709 2.7
9.308208617 162.811 2.8
9.833650794 114.19 3.1
10.460589569 95.7031 3.2
11.017868481 107.666 3.3
11.400997732 156.605 3.4
11.760907029 166.709 3.5
12.097596372 178.206 3.6
12.457505669 166.709 3.7
12.817414966 166.709 3.8
13.270204082 132.512 4.1
13.804263039 112.347 4.2
14.291882086 123.047 4.3
14.651791383 166.709 4.4
15.000090703 172.266 4.5
15.336780045 178.206 4.6
15.696689342 166.709 4.7
16.079818594 156.605 4.8
16.555827664 126.048 5.1
17.149387755 101.085 5.2
17.808979592 90.9653 5.3
18.181224490 161.184 5.4
18.517913832 178.206 5.5
18.854603175 178.206 5.6
19.249342404 151.999 5.7
19.620861678 161.499 5.8
20.085260771 129.199 6.1
20.538775510 132.3 6.2
21.054693878 116.297 6.3
21.376235828 186.601 6.4
21.721814059 173.622 6.5
22.085600907 164.932 6.6
22.420839002 178.977 6.7
22.882539683 129.954 6.8
23.380317460 120.536 7.1
24.055873016 88.8158 7.2
24.492698413 137.355 7.3
24.868571429 159.628 7.4
25.224126984 168.75 7.5
25.569523810 173.713 7.6
25.950476190 157.5 7.7
26.346666667 151.442 7.8
26.758095238 145.833 8.1
27.194920635 137.355 8.2
27.723174603 113.582 8.3
28.088888889 164.063 8.4
28.444444444 168.75 8.5
28.825396825 157.5 8.6
29.221587302 151.442 8.7
29.638095238 144.055 8.8
30.171428571 112.5 9.1
31.060317460 67.5 9.2
31.680000000 96.8238 9.3
32.137142857 131.25 9.4
32.518095238 157.5 9.5
32.904126984 155.428 9.6
33.290158730 155.428 9.7
33.742222222 132.725 9.8
34.306031746 106.419 10.1
34.880000000 104.535 10.2
35.377777778 120.536 10.3
35.763809524 155.428 10.4
36.165079365 149.525 10.5
36.530793651 164.063 10.6
36.947301587 144.055 10.7
37.361950113 144.701 10.8
37.953015873 101.512 11.1
38.765714286 73.8281 11.2
39.466666667 85.5978 11.3
39.873015873 147.656 11.4
40.258616780 155.601 11.5
40.610861678 170.336 11.6
40.995555556 155.968 11.7
41.427301587 138.971 11.8
41.935238095 118.125 12.1
42.540408163 99.1457 12.2
43.027301587 123.23 12.3
43.408253968 157.5 12.4
43.758730159 171.196 12.5
44.119365079 166.373 12.6
44.500317460 157.5 12.7
44.907074830 147.508 12.8
45.450158730 110.48 13.1
46.040816327 101.582 13.2
46.532063492 122.138 13.3
46.887619048 168.75 13.4
47.253333333 164.063 13.5
47.644444444 153.409 13.6
48.028662132 156.161 13.7
48.457142857 140.03 13.8
48.930544218 126.742 14.1
49.554285714 96.1937 14.2
50.077460317 114.684 14.3
50.433015873 168.75 14.4
50.798730159 164.063 14.5
51.179682540 157.5 14.6
51.631746032 132.725 14.7
52.073650794 135.776 14.8
52.593990930 115.309 15.1
53.536507937 63.6593 15.2
54.115555556 103.618 15.3
54.572698413 131.25 15.4
54.938412698 164.063 15.5
55.293968254 168.75 15.6
55.710476190 144.055 15.7
56.157460317 134.233 15.8
56.721269841 106.419 16.1
57.259682540 111.439 16.2
57.786984127 113.787 16.3
58.133333333 173.236 16.4
58.519365079 155.428 16.5
58.874920635 168.75 16.6
59.291428571 144.055 16.7
59.758730159 128.397 16.8
60.368253968 98.4375 17.1
61.139591837 77.7869 17.2
61.597460317 131.042 17.3
61.993650794 151.442 17.4
62.400000000 147.656 17.5
62.765714286 164.063 17.6
63.136507937 161.815 17.7
63.568253968 138.971 17.8
64.055873016 123.047 18.1
64.629841270 104.535 18.2
65.300317460 89.4886 18.3
65.649841270 171.662 18.4
66.057142857 147.311 18.5
66.412698413 168.75 18.6
66.819047619 147.656 18.7
67.321904762 119.318 18.8
67.829841270 118.125 19.1
68.665759637 71.7773 19.2
69.434920635 78.0071 19.3
69.902222222 128.397 19.4
70.267936508 164.063 19.5
70.624943311 168.064 19.6
71.014603175 153.98 19.7
71.420952381 147.656 19.8
71.964444444 110.397 20.1
72.528253968 106.419 20.2
73.015873016 123.047 20.3
73.436734694 142.565 20.4
73.755600907 188.167 20.5
74.072380952 189.406 20.6
74.478730159 147.656 20.7
74.849523810 161.815 20.8
75.398095238 109.375 21.1
76.043174603 93.0118 21.2
76.576507937 112.5 21.3
76.972698413 151.442 21.4
77.379047619 147.656 21.5
77.733287982 169.377 21.6
78.121904762 154.394 21.7
78.490702948 162.691 21.8
79.014603175 114.526 22.1
79.664761905 92.2852 22.2
80.132063492 128.397 22.3
80.482539683 171.196 22.4
80.868571429 155.428 22.5
81.224126984 168.75 22.6
81.620317460 151.442 22.7
82.057142857 137.355 22.8
82.666666667 98.4375 23.1
83.323356009 91.3674 23.2
83.840000000 116.134 23.3
84.276825397 137.355 23.4
84.560793651 211.291 23.5
84.937142857 159.426 23.6
85.371473923 138.143 23.7
85.739682540 162.951 23.8
86.389841270 92.2852 24.1
87.053061224 90.4677 24.2
87.568253968 116.461 24.3
87.994920635 140.625 24.4
88.370793651 159.628 24.5
88.700226757 182.131 24.6
89.102222222 149.255 24.7
89.549206349 134.233 24.8
90.122448980 104.668 25.1
90.890158730 78.1545 25.2
91.448888889 107.386 25.3
91.890793651 135.776 25.4
92.286984127 151.442 25.5
92.637460317 171.196 25.6
93.028571429 153.409 25.7
93.440000000 145.833 25.8
93.910204082 127.604 26.1
94.603174603 86.5838 26.2
95.116190476 116.955 26.3
95.507301587 153.409 26.4
95.867936508 166.373 26.5
96.253968254 155.428 26.6
96.640000000 155.428 26.7
97.051428571 145.833 26.8
97.545578231 121.421 27.1
98.481632653 64.0988 27.2
99.108571429 95.7031 27.3
99.535238095 140.625 27.4
99.903854875 162.771 27.5
100.281179138 159.014 27.6
100.683174603 149.255 27.7
101.050340136 163.414 27.8
101.492970522 135.553 28.1
102.291156463 75.1705 28.2
102.796190476 118.804 28.3
103.202539683 147.656 28.4
103.558095238 168.75 28.5
103.928888889 161.815 28.6
104.330158730 149.525 28.7
104.707482993 159.014 28.8
105.317006803 98.4375 29.1
106.180498866 69.4853 29.2
106.753015873 104.8 29.3
107.160090703 147.393 29.4
107.575873016 144.306 29.5
107.907482993 180.935 29.6
108.299319728 153.125 29.7
108.657777778 167.384 29.8
109.119274376 130.012 30.1
109.658412698 111.289 30.2
110.214965986 107.806 30.3
110.582857143 163.092 30.4
110.938412698 168.75 30.5
111.283809524 173.713 30.6
111.756190476 127.016 30.7
112.210430839 132.089 30.8
112.893968254 87.7787 31.1
114.240000000 44.5755 31.2
115.025850340 76.3504 31.3
115.530158730 118.975 31.4
115.946666667 144.055 31.5
116.310204082 165.045 31.6
116.723809524 145.066 31.7
117.120000000 151.442 31.8
117.674376417 108.23 32.1
118.262857143 101.957 32.2
118.704761905 135.776 32.3
119.095873016 153.409 32.4
119.488435374 152.842 32.5
119.888253968 150.068 32.6
120.269206349 157.5 32.7
120.736507937 128.397 32.8
121.290158730 108.372 33.1
122.219682540 64.5492 33.2
122.834285714 97.624 33.3
123.306666667 127.016 33.4
123.656439909 171.54 33.5
124.043174603 155.145 33.6
124.434285714 153.409 33.7
124.881269841 134.233 33.8
125.358730159 125.665 34.1
126.062585034 85.2448 34.2
126.506666667 135.11 34.3
126.852063492 173.713 34.4
127.243764172 153.178 34.5
127.629206349 155.665 34.6
128.045714286 144.055 34.7
128.521065760 126.222 34.8
129.224126984 85.3411 35.1
130.153650794 64.5492 35.2
130.788571429 94.5 35.3
131.286349206 120.536 35.4
131.646984127 166.373 35.5
132.033015873 155.428 35.6
132.424126984 153.409 35.7
132.866031746 135.776 35.8
133.404444444 111.439 36.1
133.973333333 105.469 36.2
134.440634921 128.397 36.3
134.801269841 166.373 36.4
135.166984127 164.063 36.5
135.573333333 147.656 36.6
135.939047619 164.063 36.7
136.403356009 129.224 36.8
136.954920635 108.781 37.1
137.549206349 100.962 37.2
138.082539683 112.5 37.3
138.438095238 168.75 37.4
138.824126984 155.428 37.5
139.186938776 165.375 37.6
139.606349206 143.058 37.7
140.038095238 138.971 37.8
140.561269841 114.684 38.1
141.206349206 93.0118 38.2
141.714285714 118.125 38.3
142.090158730 159.628 38.4
142.526984127 137.355 38.5
142.938412698 145.833 38.6
143.304126984 164.063 38.7
143.801904762 120.536 38.8
144.399092971 100.471 39.1
145.493333333 54.8326 39.2
146.089795918 100.593 39.3
146.590476190 119.837 39.4
147.018594104 140.148 39.5
147.381405896 165.375 39.6
147.819682540 136.9 39.7
148.500317460 88.153 39.8
148.906666667 147.656 40.1
149.302857143 151.442 40.2
149.725170068 142.075 40.3
150.080000000 169.095 40.4
150.466031746 155.428 40.5
150.826666667 166.373 40.6
151.285260771 130.835 40.7
151.708979592 141.603 40.8
152.250340136 110.832 41.1
152.848253968 100.349 41.2
153.310476190 129.808 41.3
153.691428571 157.5 41.4
154.067301587 159.628 41.5
154.438095238 161.815 41.6
154.834285714 151.442 41.7
155.220317460 155.428 41.8
155.718095238 120.536 42.1
156.306575964 101.957 42.2
156.840634921 112.347 42.3
157.226666667 155.428 42.4
157.549659864 185.762 42.5
157.937777778 154.592 42.6
158.323809524 155.428 42.7
158.684444444 166.373 42.8
159.202539683 115.809 43.1
159.939047619 81.4655 43.2
160.446984127 118.125 43.3
160.843174603 151.442 43.4
161.213968254 161.815 43.5
161.630476190 144.055 43.6
162.052063492 142.319 43.7
162.529523810 125.665 43.8
163.001904762 127.016 44.1
163.682539683 88.153 44.2
164.215873016 112.5 44.3
164.637460317 142.319 44.4
165.023492063 155.428 44.5
165.450158730 140.625 44.6
165.932698413 124.342 44.7
166.420317460 123.047 44.8
167.090793651 89.4886 45.1
167.959365079 69.0789 45.2
168.634920635 88.8158 45.3
169.076825397 135.776 45.4
169.493333333 144.055 45.5
169.904761905 145.833 45.6
170.346666667 135.776 45.7
170.763174603 144.055 45.8
171.230476190 128.397 46.1
171.860317460 95.2621 46.2
172.378412698 115.809 46.3
172.784761905 147.656 46.4
173.146417234 165.904 46.5
173.577142857 139.3 46.6
174.003809524 140.625 46.7
174.415238095 145.833 46.8
174.933333333 115.809 47.1
175.735873016 74.7627 47.2
176.238730159 119.318 47.3
176.634920635 151.442 47.4
177.026031746 153.409 47.5
177.432380952 147.656 47.6
177.818412698 155.428 47.7
178.253061224 138.043 47.8
178.802222222 109.258 48.1
179.443809524 93.5181 48.2
180.073650794 95.2621 48.3
180.454603175 157.5 48.4
180.952380952 120.536 48.5
181.384126984 138.971 48.6
181.846349206 129.808 48.7
182.405079365 107.386 48.8
183.522539683 53.6932 49.1
184.137142857 97.624 49.2
184.764081633 95.7031 49.3
185.436734694 89.199 49.4
186.089795918 91.875 49.5
186.840816327 79.8913 49.6
187.777959184 64.0244 49.7
188.186122449 147 49.8
188.480000000 204.167 50.1
188.656326531 340.278 50.2
188.871836735 278.409 50.3
189.211428571 176.683 50.4
189.551020408 176.683 50.5
189.825306122 218.75 50.6
190.027755102 296.371 50.7
190.236394558 287.577 50.8
190.423628118 320.455 51.1
190.683854875 230.568 51.2
191.033469388 171.618 51.3
191.268344671 255.455 51.4
191.531337868 228.143 51.5
191.736780045 292.053 51.6
191.940634921 294.327 51.7
192.196848073 234.18 51.8
192.772517007 104.227 52.1
193.489818594 83.6468 52.2
193.998367347 117.983 52.3
194.390204082 153.125 52.4
194.794761905 148.31 52.5
195.177777778 156.651 52.6
195.572244898 152.104 52.7
195.919115646 172.975 52.8
196.355918367 137.362 53.1
196.911020408 108.088 53.2
197.372517007 130.012 53.3
197.727346939 169.095 53.4
198.138775510 145.833 53.5
198.497959184 167.045 53.6
198.863673469 164.063 53.7
199.240385488 159.273 53.8
199.712653061 127.047 54.1
200.228571429 116.297 54.2
200.811972789 102.845 54.3
201.186394558 160.247 54.4
201.515102041 182.533 54.5
201.884784580 162.301 54.6
202.283537415 150.469 54.7
202.659229025 159.705 54.8
203.092630385 138.44 55.1
203.579591837 123.213 55.2
204.068571429 122.705 55.3
204.414693878 173.349 55.4
204.793469388 158.405 55.5
205.167256236 160.519 55.6
205.537392290 162.103 55.7
205.985759637 133.819 55.8
206.556734694 105.083 56.1
207.759047619 49.9038 56.2
208.091473923 180.491 56.3
208.363083900 220.905 56.4
208.613877551 239.241 56.5
208.822857143 287.109 56.6
208.994761905 349.03 56.7
209.226689342 258.702 56.8
209.567346939 176.13 57.1
209.928707483 166.039 57.2
210.155102041 265.024 57.3
210.364081633 287.109 57.4
210.581768707 275.625 57.5
210.752857143 350.696 57.6
210.954739229 297.203 57.7
211.156462585 297.437 57.8
211.440000000 211.612 58.1
211.857392290 143.75 58.2
212.021723356 365.117 58.3
212.255419501 256.744 58.4
212.455056689 300.545 58.5
212.676530612 270.912 58.6
212.849818594 346.244 58.7
213.117891156 223.82 58.8
213.579455782 129.993 59.1
214.530612245 63.0811 59.2
215.301224490 77.8602 59.3
216.288458050 60.7759 59.4
216.607346939 188.153 59.5
216.869433107 228.932 59.6
217.090612245 271.273 59.7
217.298231293 288.991 59.8
217.696802721 150.538 60.1
218.324897959 95.5269 60.2
219.030204082 85.0694 60.3
219.350204082 187.5 60.4
219.683265306 180.147 60.5
220.120816327 137.127 60.6
220.656326531 112.043 60.7
221.126530612 127.604 60.8
221.569841270 135.345 61.1
222.039274376 127.814 61.2
223.781088435 34.4468 61.3
224.221473923 136.244 61.4
225.227233560 59.6564 61.5
225.880226757 91.8846 61.6
226.447120181 105.84 61.7
227.689795918 48.2829 61.8
228.682448980 60.4441 62.1
229.655510204 61.6611 62.2
230.302040816 92.803 62.3
230.785306122 124.155 62.4
231.183673469 150.615 62.5
231.560997732 159.014 62.6
231.909297052 172.266 62.7
232.308390023 150.341 62.8
232.946938776 93.9631 63.1
233.549206349 99.6235 63.2
233.998367347 133.582 63.3
234.340136054 175.557 63.4
234.717460317 159.014 63.5
235.073015873 168.75 63.6
235.428571429 168.75 63.7
235.914739229 123.414 63.8
236.538775510 96.1483 64.1
237.263673469 82.7703 64.2
237.910204082 92.803 64.3
238.302040816 153.125 64.4
238.657596372 168.75 64.5
238.998639456 175.931 64.6
239.390476190 153.125 64.7
239.746031746 168.75 64.8
240.239455782 121.599 65.1
240.689342404 133.367 65.2
241.102222222 145.321 65.3
241.473015873 161.815 65.4
241.850340136 159.014 65.5
242.184126984 179.755 65.6
242.539682540 168.75 65.7
242.938775510 150.341 65.8
243.345124717 147.656 66.1
244.322539683 61.3864 66.2
244.744126984 142.319 66.3
245.113469388 162.451 66.4
245.480634921 163.414 66.5
245.810226757 182.043 66.6
246.288979592 125.326 66.7
246.684444444 151.72 66.8
247.067573696 156.605 67.1
247.524716553 131.25 67.2
247.873015873 172.266 67.3
248.185034014 192.297 67.4
248.569614512 156.014 67.5
248.932426304 165.375 67.6
249.317006803 156.014 67.7
249.759637188 135.553 67.8
250.174693878 144.559 68.1
250.869841270 86.3126 68.2
251.439342404 105.355 68.3
251.876122449 137.369 68.4
252.232131519 168.535 68.5
252.517006803 210.618 68.6
252.865306122 172.266 68.7
253.235374150 162.132 68.8
253.692517007 131.25 69.1
254.164897959 127.016 69.2
254.548752834 156.309 69.3
254.897052154 172.266 69.4
255.259863946 165.375 69.5
255.658956916 150.341 69.6
256.108843537 133.367 69.7
256.631292517 114.844 69.8
257.299591837 89.7801 70.1
257.779002268 125.154 70.2
258.256689342 125.605 70.3
258.510657596 236.25 70.4
258.813922902 197.847 70.5
259.065668934 238.335 70.6
259.334195011 223.442 70.7
259.594965986 230.087 70.8
259.813242630 274.881 71.1
260.071632653 232.207 71.2
260.305079365 257.018 71.3
260.598412698 204.545 71.4
260.853514739 235.2 71.5
261.088662132 255.159 71.6
261.307913832 273.658 71.7
261.564081633 234.221 71.8
261.799183673 255.208 72.1
262.047346939 241.776 72.2
262.375351474 182.924 72.3
262.623628118 241.666 72.4
262.855941043 258.272 72.5
263.054988662 301.435 72.6
263.282403628 263.835 72.7
263.511269841 262.162 72.8
263.723945578 282.12 73.1
264.052244898 182.76 73.2
264.424489796 161.184 73.3
264.650634921 265.316 73.4
264.855510204 292.861 73.5
265.143582766 208.281 73.6
265.411768707 223.725 73.7
265.693061224 213.301 73.8
265.970997732 215.877 74.1
266.527346939 107.846 74.2
267.023673469 120.888 74.3
267.415510204 153.125 74.4
267.800816327 155.72 74.5
268.088163265 208.807 74.6
268.401632653 191.406 74.7
268.865306122 129.401 74.8
269.244081633 158.405 75.1
269.518367347 218.75 75.2
269.799183673 213.663 75.3
270.053877551 235.577 75.4
270.354285714 199.728 75.5
270.615510204 229.688 75.6
270.922448980 195.479 75.7
271.281632653 167.045 75.8
271.714104308 138.737 76.1
272.404897959 86.8566 76.2
272.764081633 167.045 76.3
273.162448980 150.615 76.4
273.502040816 176.683 76.5
273.946122449 135.11 76.6
274.183378685 252.891 76.7
274.406643991 268.739 76.8
274.638231293 259.082 77.1
275.100907029 129.68 77.2
275.397528345 202.278 77.3
275.630748299 257.268 77.4
275.827800454 304.488 77.5
276.109478458 213.009 77.6
276.302154195 311.404 77.7
276.501587302 300.853 77.8
276.813061224 192.632 78.1
277.446031746 94.7911 78.2
277.792653061 173.1 78.3
278.119183673 183.75 78.4
278.432653061 191.406 78.5
278.706938776 218.75 78.6
279.039909297 180.196 78.7
279.497142857 131.224 78.8
279.823673469 183.75 79.1
280.117551020 204.167 79.2
280.398367347 213.663 79.3
280.692244898 204.167 79.4
280.960000000 224.085 79.5
281.214693878 235.577 79.6
281.482448980 224.085 79.7
281.913424036 139.219 79.8
282.328730159 144.472 80.1
283.000589569 89.3044 80.2
283.513673469 116.94 80.3
284.525714286 59.2861 80.4
284.839183673 191.406 80.5
285.204897959 164.063 80.6
285.492244898 208.807 80.7
285.753469388 229.688 80.8
286.001632653 241.776 81.1
286.236734694 255.208 81.2
286.445714286 287.109 81.3
286.785306122 176.683 81.4
287.281632653 120.888 81.5
288.176326531 67.062 81.6
288.686802721 117.537 81.7
289.397551020 84.4181 81.8
290.351020408 62.9281 82.1
291.317551020 62.0777 82.2
291.931428571 97.7394 82.3
292.362448980 139.205 82.4
292.767346939 148.185 82.5
293.087346939 187.5 82.6
293.453061224 164.063 82.7
293.825306122 161.184 82.8
294.360816327 112.043 83.1
294.902857143 110.693 83.2
295.457959184 108.088 83.3
295.830204082 161.184 83.4
296.176326531 173.349 83.5
296.489795918 191.406 83.6
296.881632653 153.125 83.7
297.248049887 163.748 83.8
297.803537415 108.013 84.1
298.421836735 97.0404 84.2
298.932244898 117.553 84.3
299.337142857 148.185 84.4
299.755102041 143.555 84.5
300.068571429 191.406 84.6
300.460408163 153.125 84.7
300.767346939 195.479 84.8
301.185306122 143.555 85.1
301.701224490 116.297 85.2
302.171428571 127.604 85.3
302.524081633 170.139 85.4
302.900997732 159.187 85.5
303.226099773 184.557 85.6
303.603945578 158.795 85.7
303.941224490 177.894 85.8
304.424489796 124.155 86.1
304.999183673 104.403 86.2
305.580408163 103.23 86.3
305.946122449 164.063 86.4
306.357551020 145.833 86.5
306.644897959 208.807 86.6
307.056235828 145.865 86.7
307.407528345 170.798 86.8
307.872653061 128.998 87.1
308.355918367 124.155 87.2
308.881564626 114.145 87.3
309.239229025 167.755 87.4
309.599773243 166.415 87.5
309.910204082 193.28 87.6
310.298095238 154.683 87.7
310.798367347 119.935 87.8
311.477551020 88.3413 88.1
312.016462585 111.336 88.2
312.547913832 112.898 88.3
313.387120181 71.4961 88.4
313.808979592 142.227 88.5
314.237528345 140.007 88.6
314.527346939 207.026 88.7
314.782040816 235.577 88.8
315.114376417 180.54 89.1
315.439569161 184.506 89.2
315.831950113 152.913 89.3
316.169115646 177.954 89.4
316.408163265 250.996 89.5
316.695510204 208.807 89.6
316.968299320 219.95 89.7
317.226417234 232.452 89.8
317.880748299 91.6967 90.1
318.429909297 109.258 90.2
319.013809524 102.757 90.3
319.586394558 104.788 90.4
320.362811791 77.278 90.5
320.790929705 140.148 90.6
321.015873016 266.734 90.7
321.436734694 142.565 90.8
321.835102041 150.615 91.1
322.643174603 74.2508 91.2
323.222857143 103.505 91.3
323.701292517 125.409 91.4
324.241904762 110.985 91.5
324.763605442 115.008 91.6
325.306213152 110.577 91.7
326.080680272 77.4726 91.8