2.066575964 1.1
3.297233560 1.2
3.924172336 1.3
4.446621315 1.4
4.793469388 1.5
5.108390023 1.6
5.456689342 1.7
5.828208617 1.8
6.341224490 2.1
7.000816327 2.2
7.523265306 2.3
7.894784580 2.4
8.254693878 2.5
8.579773243 2.6
8.939682540 2.7
9.308208617 2.8
9.833650794 3.1
10.460589569 3.2
11.017868481 3.3
11.400997732 3.4
11.760907029 3.5
12.097596372 3.6
12.457505669 3.7
12.817414966 3.8
13.270204082 4.1
13.804263039 4.2
14.291882086 4.3
14.651791383 4.4
15.000090703 4.5
15.336780045 4.6
15.696689342 4.7
16.079818594 4.8
16.555827664 5.1
17.149387755 5.2
17.808979592 5.3
18.181224490 5.4
18.517913832 5.5
18.854603175 5.6
19.249342404 5.7
19.620861678 5.8
20.085260771 6.1
20.538775510 6.2
21.054693878 6.3
21.376235828 6.4
21.721814059 6.5
22.085600907 6.6
22.420839002 6.7
22.882539683 6.8
23.380317460 7.1
24.055873016 7.2
24.492698413 7.3
24.868571429 7.4
25.224126984 7.5
25.569523810 7.6
25.950476190 7.7
26.346666667 7.8
26.758095238 8.1
27.194920635 8.2
27.723174603 8.3
28.088888889 8.4
28.444444444 8.5
28.825396825 8.6
29.221587302 8.7
29.638095238 8.8
30.171428571 9.1
31.060317460 9.2
31.680000000 9.3
32.137142857 9.4
32.518095238 9.5
32.904126984 9.6
33.290158730 9.7
33.742222222 9.8
34.306031746 10.1
34.880000000 10.2
35.377777778 10.3
35.763809524 10.4
36.165079365 10.5
36.530793651 10.6
36.947301587 10.7
37.361950113 10.8
37.953015873 11.1
38.765714286 11.2
39.466666667 11.3
39.873015873 11.4
40.258616780 11.5
40.610861678 11.6
40.995555556 11.7
41.427301587 11.8
41.935238095 12.1
42.540408163 12.2
43.027301587 12.3
43.408253968 12.4
43.758730159 12.5
44.119365079 12.6
44.500317460 12.7
44.907074830 12.8
45.450158730 13.1
46.040816327 13.2
46.532063492 13.3
46.887619048 13.4
47.253333333 13.5
47.644444444 13.6
48.028662132 13.7
48.457142857 13.8
48.930544218 14.1
49.554285714 14.2
50.077460317 14.3
50.433015873 14.4
50.798730159 14.5
51.179682540 14.6
51.631746032 14.7
52.073650794 14.8
52.593990930 15.1
53.536507937 15.2
54.115555556 15.3
54.572698413 15.4
54.938412698 15.5
55.293968254 15.6
55.710476190 15.7
56.157460317 15.8
56.721269841 16.1
57.259682540 16.2
57.786984127 16.3
58.133333333 16.4
58.519365079 16.5
58.874920635 16.6
59.291428571 16.7
59.758730159 16.8
60.368253968 17.1
61.139591837 17.2
61.597460317 17.3
61.993650794 17.4
62.400000000 17.5
62.765714286 17.6
63.136507937 17.7
63.568253968 17.8
64.055873016 18.1
64.629841270 18.2
65.300317460 18.3
65.649841270 18.4
66.057142857 18.5
66.412698413 18.6
66.819047619 18.7
67.321904762 18.8
67.829841270 19.1
68.665759637 19.2
69.434920635 19.3
69.902222222 19.4
70.267936508 19.5
70.624943311 19.6
71.014603175 19.7
71.420952381 19.8
71.964444444 20.1
72.528253968 20.2
73.015873016 20.3
73.436734694 20.4
73.755600907 20.5
74.072380952 20.6
74.478730159 20.7
74.849523810 20.8
75.398095238 21.1
76.043174603 21.2
76.576507937 21.3
76.972698413 21.4
77.379047619 21.5
77.733287982 21.6
78.121904762 21.7
78.490702948 21.8
79.014603175 22.1
79.664761905 22.2
80.132063492 22.3
80.482539683 22.4
80.868571429 22.5
81.224126984 22.6
81.620317460 22.7
82.057142857 22.8
82.666666667 23.1
83.323356009 23.2
83.840000000 23.3
84.276825397 23.4
84.560793651 23.5
84.937142857 23.6
85.371473923 23.7
85.739682540 23.8
86.389841270 24.1
87.053061224 24.2
87.568253968 24.3
87.994920635 24.4
88.370793651 24.5
88.700226757 24.6
89.102222222 24.7
89.549206349 24.8
90.122448980 25.1
90.890158730 25.2
91.448888889 25.3
91.890793651 25.4
92.286984127 25.5
92.637460317 25.6
93.028571429 25.7
93.440000000 25.8
93.910204082 26.1
94.603174603 26.2
95.116190476 26.3
95.507301587 26.4
95.867936508 26.5
96.253968254 26.6
96.640000000 26.7
97.051428571 26.8
97.545578231 27.1
98.481632653 27.2
99.108571429 27.3
99.535238095 27.4
99.903854875 27.5
100.281179138 27.6
100.683174603 27.7
101.050340136 27.8
101.492970522 28.1
102.291156463 28.2
102.796190476 28.3
103.202539683 28.4
103.558095238 28.5
103.928888889 28.6
104.330158730 28.7
104.707482993 28.8
105.317006803 29.1
106.180498866 29.2
106.753015873 29.3
107.160090703 29.4
107.575873016 29.5
107.907482993 29.6
108.299319728 29.7
108.657777778 29.8
109.119274376 30.1
109.658412698 30.2
110.214965986 30.3
110.582857143 30.4
110.938412698 30.5
111.283809524 30.6
111.756190476 30.7
112.210430839 30.8
112.893968254 31.1
114.240000000 31.2
115.025850340 31.3
115.530158730 31.4
115.946666667 31.5
116.310204082 31.6
116.723809524 31.7
117.120000000 31.8
117.674376417 32.1
118.262857143 32.2
118.704761905 32.3
119.095873016 32.4
119.488435374 32.5
119.888253968 32.6
120.269206349 32.7
120.736507937 32.8
121.290158730 33.1
122.219682540 33.2
122.834285714 33.3
123.306666667 33.4
123.656439909 33.5
124.043174603 33.6
124.434285714 33.7
124.881269841 33.8
125.358730159 34.1
126.062585034 34.2
126.506666667 34.3
126.852063492 34.4
127.243764172 34.5
127.629206349 34.6
128.045714286 34.7
128.521065760 34.8
129.224126984 35.1
130.153650794 35.2
130.788571429 35.3
131.286349206 35.4
131.646984127 35.5
132.033015873 35.6
132.424126984 35.7
132.866031746 35.8
133.404444444 36.1
133.973333333 36.2
134.440634921 36.3
134.801269841 36.4
135.166984127 36.5
135.573333333 36.6
135.939047619 36.7
136.403356009 36.8
136.954920635 37.1
137.549206349 37.2
138.082539683 37.3
138.438095238 37.4
138.824126984 37.5
139.186938776 37.6
139.606349206 37.7
140.038095238 37.8
140.561269841 38.1
141.206349206 38.2
141.714285714 38.3
142.090158730 38.4
142.526984127 38.5
142.938412698 38.6
143.304126984 38.7
143.801904762 38.8
144.399092971 39.1
145.493333333 39.2
146.089795918 39.3
146.590476190 39.4
147.018594104 39.5
147.381405896 39.6
147.819682540 39.7
148.500317460 39.8
148.906666667 40.1
149.302857143 40.2
149.725170068 40.3
150.080000000 40.4
150.466031746 40.5
150.826666667 40.6
151.285260771 40.7
151.708979592 40.8
152.250340136 41.1
152.848253968 41.2
153.310476190 41.3
153.691428571 41.4
154.067301587 41.5
154.438095238 41.6
154.834285714 41.7
155.220317460 41.8
155.718095238 42.1
156.306575964 42.2
156.840634921 42.3
157.226666667 42.4
157.549659864 42.5
157.937777778 42.6
158.323809524 42.7
158.684444444 42.8
159.202539683 43.1
159.939047619 43.2
160.446984127 43.3
160.843174603 43.4
161.213968254 43.5
161.630476190 43.6
162.052063492 43.7
162.529523810 43.8
163.001904762 44.1
163.682539683 44.2
164.215873016 44.3
164.637460317 44.4
165.023492063 44.5
165.450158730 44.6
165.932698413 44.7
166.420317460 44.8
167.090793651 45.1
167.959365079 45.2
168.634920635 45.3
169.076825397 45.4
169.493333333 45.5
169.904761905 45.6
170.346666667 45.7
170.763174603 45.8
171.230476190 46.1
171.860317460 46.2
172.378412698 46.3
172.784761905 46.4
173.146417234 46.5
173.577142857 46.6
174.003809524 46.7
174.415238095 46.8
174.933333333 47.1
175.735873016 47.2
176.238730159 47.3
176.634920635 47.4
177.026031746 47.5
177.432380952 47.6
177.818412698 47.7
178.253061224 47.8
178.802222222 48.1
179.443809524 48.2
180.073650794 48.3
180.454603175 48.4
180.952380952 48.5
181.384126984 48.6
181.846349206 48.7
182.405079365 48.8
183.522539683 49.1
184.137142857 49.2
184.764081633 49.3
185.436734694 49.4
186.089795918 49.5
186.840816327 49.6
187.777959184 49.7
188.186122449 49.8
188.480000000 50.1
188.656326531 50.2
188.871836735 50.3
189.211428571 50.4
189.551020408 50.5
189.825306122 50.6
190.027755102 50.7
190.236394558 50.8
190.423628118 51.1
190.683854875 51.2
191.033469388 51.3
191.268344671 51.4
191.531337868 51.5
191.736780045 51.6
191.940634921 51.7
192.196848073 51.8
192.772517007 52.1
193.489818594 52.2
193.998367347 52.3
194.390204082 52.4
194.794761905 52.5
195.177777778 52.6
195.572244898 52.7
195.919115646 52.8
196.355918367 53.1
196.911020408 53.2
197.372517007 53.3
197.727346939 53.4
198.138775510 53.5
198.497959184 53.6
198.863673469 53.7
199.240385488 53.8
199.712653061 54.1
200.228571429 54.2
200.811972789 54.3
201.186394558 54.4
201.515102041 54.5
201.884784580 54.6
202.283537415 54.7
202.659229025 54.8
203.092630385 55.1
203.579591837 55.2
204.068571429 55.3
204.414693878 55.4
204.793469388 55.5
205.167256236 55.6
205.537392290 55.7
205.985759637 55.8
206.556734694 56.1
207.759047619 56.2
208.091473923 56.3
208.363083900 56.4
208.613877551 56.5
208.822857143 56.6
208.994761905 56.7
209.226689342 56.8
209.567346939 57.1
209.928707483 57.2
210.155102041 57.3
210.364081633 57.4
210.581768707 57.5
210.752857143 57.6
210.954739229 57.7
211.156462585 57.8
211.440000000 58.1
211.857392290 58.2
212.021723356 58.3
212.255419501 58.4
212.455056689 58.5
212.676530612 58.6
212.849818594 58.7
213.117891156 58.8
213.579455782 59.1
214.530612245 59.2
215.301224490 59.3
216.288458050 59.4
216.607346939 59.5
216.869433107 59.6
217.090612245 59.7
217.298231293 59.8
217.696802721 60.1
218.324897959 60.2
219.030204082 60.3
219.350204082 60.4
219.683265306 60.5
220.120816327 60.6
220.656326531 60.7
221.126530612 60.8
221.569841270 61.1
222.039274376 61.2
223.781088435 61.3
224.221473923 61.4
225.227233560 61.5
225.880226757 61.6
226.447120181 61.7
227.689795918 61.8
228.682448980 62.1
229.655510204 62.2
230.302040816 62.3
230.785306122 62.4
231.183673469 62.5
231.560997732 62.6
231.909297052 62.7
232.308390023 62.8
232.946938776 63.1
233.549206349 63.2
233.998367347 63.3
234.340136054 63.4
234.717460317 63.5
235.073015873 63.6
235.428571429 63.7
235.914739229 63.8
236.538775510 64.1
237.263673469 64.2
237.910204082 64.3
238.302040816 64.4
238.657596372 64.5
238.998639456 64.6
239.390476190 64.7
239.746031746 64.8
240.239455782 65.1
240.689342404 65.2
241.102222222 65.3
241.473015873 65.4
241.850340136 65.5
242.184126984 65.6
242.539682540 65.7
242.938775510 65.8
243.345124717 66.1
244.322539683 66.2
244.744126984 66.3
245.113469388 66.4
245.480634921 66.5
245.810226757 66.6
246.288979592 66.7
246.684444444 66.8
247.067573696 67.1
247.524716553 67.2
247.873015873 67.3
248.185034014 67.4
248.569614512 67.5
248.932426304 67.6
249.317006803 67.7
249.759637188 67.8
250.174693878 68.1
250.869841270 68.2
251.439342404 68.3
251.876122449 68.4
252.232131519 68.5
252.517006803 68.6
252.865306122 68.7
253.235374150 68.8
253.692517007 69.1
254.164897959 69.2
254.548752834 69.3
254.897052154 69.4
255.259863946 69.5
255.658956916 69.6
256.108843537 69.7
256.631292517 69.8
257.299591837 70.1
257.779002268 70.2
258.256689342 70.3
258.510657596 70.4
258.813922902 70.5
259.065668934 70.6
259.334195011 70.7
259.594965986 70.8
259.813242630 71.1
260.071632653 71.2
260.305079365 71.3
260.598412698 71.4
260.853514739 71.5
261.088662132 71.6
261.307913832 71.7
261.564081633 71.8
261.799183673 72.1
262.047346939 72.2
262.375351474 72.3
262.623628118 72.4
262.855941043 72.5
263.054988662 72.6
263.282403628 72.7
263.511269841 72.8
263.723945578 73.1
264.052244898 73.2
264.424489796 73.3
264.650634921 73.4
264.855510204 73.5
265.143582766 73.6
265.411768707 73.7
265.693061224 73.8
265.970997732 74.1
266.527346939 74.2
267.023673469 74.3
267.415510204 74.4
267.800816327 74.5
268.088163265 74.6
268.401632653 74.7
268.865306122 74.8
269.244081633 75.1
269.518367347 75.2
269.799183673 75.3
270.053877551 75.4
270.354285714 75.5
270.615510204 75.6
270.922448980 75.7
271.281632653 75.8
271.714104308 76.1
272.404897959 76.2
272.764081633 76.3
273.162448980 76.4
273.502040816 76.5
273.946122449 76.6
274.183378685 76.7
274.406643991 76.8
274.638231293 77.1
275.100907029 77.2
275.397528345 77.3
275.630748299 77.4
275.827800454 77.5
276.109478458 77.6
276.302154195 77.7
276.501587302 77.8
276.813061224 78.1
277.446031746 78.2
277.792653061 78.3
278.119183673 78.4
278.432653061 78.5
278.706938776 78.6
279.039909297 78.7
279.497142857 78.8
279.823673469 79.1
280.117551020 79.2
280.398367347 79.3
280.692244898 79.4
280.960000000 79.5
281.214693878 79.6
281.482448980 79.7
281.913424036 79.8
282.328730159 80.1
283.000589569 80.2
283.513673469 80.3
284.525714286 80.4
284.839183673 80.5
285.204897959 80.6
285.492244898 80.7
285.753469388 80.8
286.001632653 81.1
286.236734694 81.2
286.445714286 81.3
286.785306122 81.4
287.281632653 81.5
288.176326531 81.6
288.686802721 81.7
289.397551020 81.8
290.351020408 82.1
291.317551020 82.2
291.931428571 82.3
292.362448980 82.4
292.767346939 82.5
293.087346939 82.6
293.453061224 82.7
293.825306122 82.8
294.360816327 83.1
294.902857143 83.2
295.457959184 83.3
295.830204082 83.4
296.176326531 83.5
296.489795918 83.6
296.881632653 83.7
297.248049887 83.8
297.803537415 84.1
298.421836735 84.2
298.932244898 84.3
299.337142857 84.4
299.755102041 84.5
300.068571429 84.6
300.460408163 84.7
300.767346939 84.8
301.185306122 85.1
301.701224490 85.2
302.171428571 85.3
302.524081633 85.4
302.900997732 85.5
303.226099773 85.6
303.603945578 85.7
303.941224490 85.8
304.424489796 86.1
304.999183673 86.2
305.580408163 86.3
305.946122449 86.4
306.357551020 86.5
306.644897959 86.6
307.056235828 86.7
307.407528345 86.8
307.872653061 87.1
308.355918367 87.2
308.881564626 87.3
309.239229025 87.4
309.599773243 87.5
309.910204082 87.6
310.298095238 87.7
310.798367347 87.8
311.477551020 88.1
312.016462585 88.2
312.547913832 88.3
313.387120181 88.4
313.808979592 88.5
314.237528345 88.6
314.527346939 88.7
314.782040816 88.8
315.114376417 89.1
315.439569161 89.2
315.831950113 89.3
316.169115646 89.4
316.408163265 89.5
316.695510204 89.6
316.968299320 89.7
317.226417234 89.8
317.880748299 90.1
318.429909297 90.2
319.013809524 90.3
319.586394558 90.4
320.362811791 90.5
320.790929705 90.6
321.015873016 90.7
321.436734694 90.8
321.835102041 91.1
322.643174603 91.2
323.222857143 91.3
323.701292517 91.4
324.241904762 91.5
324.763605442 91.6
325.306213152 91.7
326.080680272 91.8