2.066575964 1.23066 1.1
3.297233560 0.626939 1.2
3.924172336 0.522449 1.3
4.446621315 0.346848 1.4
4.793469388 0.314921 1.5
5.108390023 0.348299 1.6
5.456689342 0.371519 1.7
5.828208617 0.513016 1.8
6.341224490 0.659592 2.1
7.000816327 0.522449 2.2
7.523265306 0.371519 2.3
7.894784580 0.359909 2.4
8.254693878 0.325079 2.5
8.579773243 0.359909 2.6
8.939682540 0.368526 2.7
9.308208617 0.525442 2.8
9.833650794 0.626939 3.1
10.460589569 0.557279 3.2
11.017868481 0.383129 3.3
11.400997732 0.359909 3.4
11.760907029 0.336689 3.5
12.097596372 0.359909 3.6
12.457505669 0.359909 3.7
12.817414966 0.452789 3.8
13.270204082 0.534059 4.1
13.804263039 0.487619 4.2
14.291882086 0.359909 4.3
14.651791383 0.348299 4.4
15.000090703 0.336689 4.5
15.336780045 0.359909 4.6
15.696689342 0.383129 4.7
16.079818594 0.476009 4.8
16.555827664 0.59356 5.1
17.149387755 0.659592 5.2
17.808979592 0.372245 5.3
18.181224490 0.336689 5.4
18.517913832 0.336689 5.5
18.854603175 0.394739 5.6
19.249342404 0.371519 5.7
19.620861678 0.464399 5.8
20.085260771 0.453515 6.1
20.538775510 0.515918 6.2
21.054693878 0.321542 6.3
21.376235828 0.345578 6.4
21.721814059 0.363787 6.5
22.085600907 0.335238 6.6
22.420839002 0.461701 6.7
22.882539683 0.497778 6.8
23.380317460 0.675556 7.1
24.055873016 0.436825 7.2
24.492698413 0.375873 7.3
24.868571429 0.355556 7.4
25.224126984 0.345397 7.5
25.569523810 0.380952 7.6
25.950476190 0.39619 7.7
26.346666667 0.411429 7.8
26.758095238 0.436825 8.1
27.194920635 0.528254 8.2
27.723174603 0.365714 8.3
28.088888889 0.355556 8.4
28.444444444 0.380952 8.5
28.825396825 0.39619 8.6
29.221587302 0.416508 8.7
29.638095238 0.533333 8.8
30.171428571 0.888889 9.1
31.060317460 0.619683 9.2
31.680000000 0.457143 9.3
32.137142857 0.380952 9.4
32.518095238 0.386032 9.5
32.904126984 0.386032 9.6
33.290158730 0.452064 9.7
33.742222222 0.56381 9.8
34.306031746 0.573968 10.1
34.880000000 0.497778 10.2
35.377777778 0.386032 10.3
35.763809524 0.40127 10.4
36.165079365 0.365714 10.5
36.530793651 0.416508 10.6
36.947301587 0.414649 10.7
37.361950113 0.591066 10.8
37.953015873 0.812698 11.1
38.765714286 0.700952 11.2
39.466666667 0.406349 11.3
39.873015873 0.385601 11.4
40.258616780 0.352245 11.5
40.610861678 0.384694 11.6
40.995555556 0.431746 11.7
41.427301587 0.507937 11.8
41.935238095 0.60517 12.1
42.540408163 0.486893 12.2
43.027301587 0.380952 12.3
43.408253968 0.350476 12.4
43.758730159 0.360635 12.5
44.119365079 0.380952 12.6
44.500317460 0.406757 12.7
44.907074830 0.543084 12.8
45.450158730 0.590658 13.1
46.040816327 0.491247 13.2
46.532063492 0.355556 13.3
46.887619048 0.365714 13.4
47.253333333 0.391111 13.5
47.644444444 0.384218 13.6
48.028662132 0.428481 13.7
48.457142857 0.473401 13.8
48.930544218 0.623742 14.1
49.554285714 0.523175 14.2
50.077460317 0.355556 14.3
50.433015873 0.365714 14.4
50.798730159 0.380952 14.5
51.179682540 0.452064 14.6
51.631746032 0.441905 14.7
52.073650794 0.52034 14.8
52.593990930 0.942517 15.1
53.536507937 0.579048 15.2
54.115555556 0.457143 15.3
54.572698413 0.365714 15.4
54.938412698 0.355556 15.5
55.293968254 0.416508 15.6
55.710476190 0.446984 15.7
56.157460317 0.56381 15.8
56.721269841 0.538413 16.1
57.259682540 0.527302 16.2
57.786984127 0.346349 16.3
58.133333333 0.386032 16.4
58.519365079 0.355556 16.5
58.874920635 0.416508 16.6
59.291428571 0.467302 16.7
59.758730159 0.609524 16.8
60.368253968 0.771338 17.1
61.139591837 0.457868 17.2
61.597460317 0.39619 17.3
61.993650794 0.406349 17.4
62.400000000 0.365714 17.5
62.765714286 0.370794 17.6
63.136507937 0.431746 17.7
63.568253968 0.487619 17.8
64.055873016 0.573968 18.1
64.629841270 0.670476 18.2
65.300317460 0.349524 18.3
65.649841270 0.407302 18.4
66.057142857 0.355556 18.5
66.412698413 0.406349 18.6
66.819047619 0.502857 18.7
67.321904762 0.507937 18.8
67.829841270 0.835918 19.1
68.665759637 0.769161 19.2
69.434920635 0.467302 19.3
69.902222222 0.365714 19.4
70.267936508 0.357007 19.5
70.624943311 0.38966 19.6
71.014603175 0.406349 19.7
71.420952381 0.543492 19.8
71.964444444 0.56381 20.1
72.528253968 0.487619 20.2
73.015873016 0.420862 20.3
73.436734694 0.318866 20.4
73.755600907 0.31678 20.5
74.072380952 0.406349 20.6
74.478730159 0.370794 20.7
74.849523810 0.548571 20.8
75.398095238 0.645079 21.1
76.043174603 0.533333 21.2
76.576507937 0.39619 21.3
76.972698413 0.406349 21.4
77.379047619 0.35424 21.5
77.733287982 0.388617 21.6
78.121904762 0.368798 21.7
78.490702948 0.5239 21.8
79.014603175 0.650159 22.1
79.664761905 0.467302 22.2
80.132063492 0.350476 22.3
80.482539683 0.386032 22.4
80.868571429 0.355556 22.5
81.224126984 0.39619 22.6
81.620317460 0.436825 22.7
82.057142857 0.609524 22.8
82.666666667 0.656689 23.1
83.323356009 0.516644 23.2
83.840000000 0.436825 23.3
84.276825397 0.283968 23.4
84.560793651 0.376349 23.5
84.937142857 0.434331 23.6
85.371473923 0.368209 23.7
85.739682540 0.650159 23.8
86.389841270 0.66322 24.1
87.053061224 0.515193 24.2
87.568253968 0.426667 24.3
87.994920635 0.375873 24.4
88.370793651 0.329433 24.5
88.700226757 0.401995 24.6
89.102222222 0.446984 24.7
89.549206349 0.573243 24.8
90.122448980 0.76771 25.1
90.890158730 0.55873 25.2
91.448888889 0.441905 25.3
91.890793651 0.39619 25.4
92.286984127 0.350476 25.5
92.637460317 0.391111 25.6
93.028571429 0.411429 25.7
93.440000000 0.470204 25.8
93.910204082 0.692971 26.1
94.603174603 0.513016 26.2
95.116190476 0.391111 26.3
95.507301587 0.360635 26.4
95.867936508 0.386032 26.5
96.253968254 0.386032 26.6
96.640000000 0.411429 26.7
97.051428571 0.49415 26.8
97.545578231 0.936054 27.1
98.481632653 0.626939 27.2
99.108571429 0.426667 27.3
99.535238095 0.368617 27.4
99.903854875 0.377324 27.5
100.281179138 0.401995 27.6
100.683174603 0.367166 27.7
101.050340136 0.44263 27.8
101.492970522 0.798186 28.1
102.291156463 0.505034 28.2
102.796190476 0.406349 28.3
103.202539683 0.355556 28.4
103.558095238 0.370794 28.5
103.928888889 0.40127 28.6
104.330158730 0.377324 28.7
104.707482993 0.609524 28.8
105.317006803 0.863492 29.1
106.180498866 0.572517 29.2
106.753015873 0.407075 29.3
107.160090703 0.415782 29.4
107.575873016 0.33161 29.5
107.907482993 0.391837 29.6
108.299319728 0.358458 29.7
108.657777778 0.461497 29.8
109.119274376 0.539138 30.1
109.658412698 0.556553 30.2
110.214965986 0.367891 30.3
110.582857143 0.355556 30.4
110.938412698 0.345397 30.5
111.283809524 0.472381 30.6
111.756190476 0.45424 30.7
112.210430839 0.683537 30.8
112.893968254 1.34603 31.1
114.240000000 0.78585 31.2
115.025850340 0.504308 31.3
115.530158730 0.416508 31.4
115.946666667 0.363537 31.5
116.310204082 0.413605 31.6
116.723809524 0.39619 31.7
117.120000000 0.554376 31.8
117.674376417 0.588481 32.1
118.262857143 0.441905 32.2
118.704761905 0.391111 32.3
119.095873016 0.392562 32.4
119.488435374 0.399819 32.5
119.888253968 0.380952 32.6
120.269206349 0.467302 32.7
120.736507937 0.553651 32.8
121.290158730 0.929524 33.1
122.219682540 0.614603 33.2
122.834285714 0.472381 33.3
123.306666667 0.349773 33.4
123.656439909 0.386735 33.5
124.043174603 0.391111 33.6
124.434285714 0.446984 33.7
124.881269841 0.47746 33.8
125.358730159 0.703855 34.1
126.062585034 0.444082 34.2
126.506666667 0.345397 34.3
126.852063492 0.391701 34.4
127.243764172 0.385442 34.5
127.629206349 0.416508 34.6
128.045714286 0.475351 34.7
128.521065760 0.703061 34.8
129.224126984 0.929524 35.1
130.153650794 0.634921 35.2
130.788571429 0.497778 35.3
131.286349206 0.360635 35.4
131.646984127 0.386032 35.5
132.033015873 0.391111 35.6
132.424126984 0.441905 35.7
132.866031746 0.538413 35.8
133.404444444 0.568889 36.1
133.973333333 0.467302 36.2
134.440634921 0.360635 36.3
134.801269841 0.365714 36.4
135.166984127 0.406349 36.5
135.573333333 0.365714 36.6
135.939047619 0.464308 36.7
136.403356009 0.551565 36.8
136.954920635 0.594286 37.1
137.549206349 0.533333 37.2
138.082539683 0.355556 37.3
138.438095238 0.386032 37.4
138.824126984 0.362812 37.5
139.186938776 0.41941 37.6
139.606349206 0.431746 37.7
140.038095238 0.523175 37.8
140.561269841 0.645079 38.1
141.206349206 0.507937 38.2
141.714285714 0.375873 38.3
142.090158730 0.436825 38.4
142.526984127 0.411429 38.5
142.938412698 0.365714 38.6
143.304126984 0.497778 38.7
143.801904762 0.597188 38.8
144.399092971 1.09424 39.1
145.493333333 0.596463 39.2
146.089795918 0.50068 39.3
146.590476190 0.428118 39.4
147.018594104 0.362812 39.5
147.381405896 0.438277 39.6
147.819682540 0.680635 39.7
148.500317460 0.406349 39.8
148.906666667 0.39619 40.1
149.302857143 0.422313 40.2
149.725170068 0.35483 40.3
150.080000000 0.386032 40.4
150.466031746 0.360635 40.5
150.826666667 0.458594 40.6
151.285260771 0.423719 40.7
151.708979592 0.541361 40.8
152.250340136 0.597914 41.1
152.848253968 0.462222 41.2
153.310476190 0.380952 41.3
153.691428571 0.375873 41.4
154.067301587 0.370794 41.5
154.438095238 0.39619 41.6
154.834285714 0.386032 41.7
155.220317460 0.497778 41.8
155.718095238 0.588481 42.1
156.306575964 0.534059 42.2
156.840634921 0.386032 42.3
157.226666667 0.322993 42.4
157.549659864 0.388118 42.5
157.937777778 0.386032 42.6
158.323809524 0.360635 42.7
158.684444444 0.518095 42.8
159.202539683 0.736508 43.1
159.939047619 0.507937 43.2
160.446984127 0.39619 43.3
160.843174603 0.370794 43.4
161.213968254 0.416508 43.5
161.630476190 0.421587 43.6
162.052063492 0.47746 43.7
162.529523810 0.472381 43.8
163.001904762 0.680635 44.1
163.682539683 0.533333 44.2
164.215873016 0.421587 44.3
164.637460317 0.386032 44.4
165.023492063 0.426667 44.5
165.450158730 0.48254 44.6
165.932698413 0.487619 44.7
166.420317460 0.670476 44.8
167.090793651 0.868571 45.1
167.959365079 0.675556 45.2
168.634920635 0.441905 45.3
169.076825397 0.416508 45.4
169.493333333 0.411429 45.5
169.904761905 0.441905 45.6
170.346666667 0.416508 45.7
170.763174603 0.467302 45.8
171.230476190 0.629841 46.1
171.860317460 0.518095 46.2
172.378412698 0.406349 46.3
172.784761905 0.361655 46.4
173.146417234 0.430726 46.5
173.577142857 0.426667 46.6
174.003809524 0.411429 46.7
174.415238095 0.518095 46.8
174.933333333 0.80254 47.1
175.735873016 0.502857 47.2
176.238730159 0.39619 47.3
176.634920635 0.391111 47.4
177.026031746 0.406349 47.5
177.432380952 0.386032 47.6
177.818412698 0.434649 47.7
178.253061224 0.549161 47.8
178.802222222 0.641587 48.1
179.443809524 0.629841 48.2
180.073650794 0.380952 48.3
180.454603175 0.497778 48.4
180.952380952 0.431746 48.5
181.384126984 0.462222 48.6
181.846349206 0.55873 48.7
182.405079365 1.11746 48.8
183.522539683 0.614603 49.1
184.137142857 0.626939 49.2
184.764081633 0.672653 49.3
185.436734694 0.653061 49.4
186.089795918 0.75102 49.5
186.840816327 0.937143 49.6
187.777959184 0.408163 49.7
188.186122449 0.293878 49.8
188.480000000 0.176327 50.1
188.656326531 0.21551 50.2
188.871836735 0.339592 50.3
189.211428571 0.339592 50.4
189.551020408 0.274286 50.5
189.825306122 0.202449 50.6
190.027755102 0.208639 50.7
190.236394558 0.187234 50.8
190.423628118 0.260227 51.1
190.683854875 0.349615 51.2
191.033469388 0.234875 51.3
191.268344671 0.262993 51.4
191.531337868 0.205442 51.5
191.736780045 0.203855 51.6
191.940634921 0.256213 51.7
192.196848073 0.575669 51.8
192.772517007 0.717302 52.1
193.489818594 0.508549 52.2
193.998367347 0.391837 52.3
194.390204082 0.404558 52.4
194.794761905 0.383016 52.5
195.177777778 0.394467 52.6
195.572244898 0.346871 52.7
195.919115646 0.436803 52.8
196.355918367 0.555102 53.1
196.911020408 0.461497 53.2
197.372517007 0.35483 53.3
197.727346939 0.411429 53.4
198.138775510 0.359184 53.5
198.497959184 0.365714 53.6
198.863673469 0.376712 53.7
199.240385488 0.472268 53.8
199.712653061 0.515918 54.1
200.228571429 0.583401 54.2
200.811972789 0.374422 54.3
201.186394558 0.328707 54.4
201.515102041 0.369683 54.5
201.884784580 0.398753 54.6
202.283537415 0.375692 54.7
202.659229025 0.433401 54.8
203.092630385 0.486961 55.1
203.579591837 0.48898 55.2
204.068571429 0.346122 55.3
204.414693878 0.378776 55.4
204.793469388 0.373787 55.5
205.167256236 0.370136 55.6
205.537392290 0.448367 55.7
205.985759637 0.570975 55.8
206.556734694 1.20231 56.1
207.759047619 0.332426 56.2
208.091473923 0.27161 56.3
208.363083900 0.250794 56.4
208.613877551 0.20898 56.5
208.822857143 0.171905 56.6
208.994761905 0.231927 56.7
209.226689342 0.340658 56.8
209.567346939 0.361361 57.1
209.928707483 0.226395 57.2
210.155102041 0.20898 57.3
210.364081633 0.217687 57.4
210.581768707 0.171088 57.5
210.752857143 0.201882 57.6
210.954739229 0.201723 57.7
211.156462585 0.283537 57.8
211.440000000 0.417392 58.1
211.857392290 0.164331 58.2
212.021723356 0.233696 58.3
212.255419501 0.199637 58.4
212.455056689 0.221474 58.5
212.676530612 0.173288 58.6
212.849818594 0.268073 58.7
213.117891156 0.461565 58.8
213.579455782 0.951156 59.1
214.530612245 0.770612 59.2
215.301224490 0.987234 59.3
216.288458050 0.318889 59.4
216.607346939 0.262086 59.5
216.869433107 0.221179 59.6
217.090612245 0.207619 59.7
217.298231293 0.398571 59.8
217.696802721 0.628095 60.1
218.324897959 0.705306 60.2
219.030204082 0.32 60.3
219.350204082 0.333061 60.4
219.683265306 0.437551 60.5
220.120816327 0.53551 60.6
220.656326531 0.470204 60.7
221.126530612 0.443311 60.8
221.569841270 0.469433 61.1
222.039274376 1.74181 61.2
223.781088435 0.440385 61.3
224.221473923 1.00576 61.4
225.227233560 0.652993 61.5
225.880226757 0.566893 61.6
226.447120181 1.24268 61.7
227.689795918 0.992653 61.8
228.682448980 0.973061 62.1
229.655510204 0.646531 62.2
230.302040816 0.483265 62.3
230.785306122 0.398367 62.4
231.183673469 0.377324 62.5
231.560997732 0.348299 62.6
231.909297052 0.399093 62.7
232.308390023 0.638549 62.8
232.946938776 0.602268 63.1
233.549206349 0.449161 63.2
233.998367347 0.341769 63.3
234.340136054 0.377324 63.4
234.717460317 0.355556 63.5
235.073015873 0.355556 63.6
235.428571429 0.486168 63.7
235.914739229 0.624036 63.8
236.538775510 0.724898 64.1
237.263673469 0.646531 64.2
237.910204082 0.391837 64.3
238.302040816 0.355556 64.4
238.657596372 0.341043 64.5
238.998639456 0.391837 64.6
239.390476190 0.355556 64.7
239.746031746 0.493424 64.8
240.239455782 0.449887 65.1
240.689342404 0.41288 65.2
241.102222222 0.370794 65.3
241.473015873 0.377324 65.4
241.850340136 0.333787 65.5
242.184126984 0.355556 65.6
242.539682540 0.399093 65.7
242.938775510 0.406349 65.8
243.345124717 0.977415 66.1
244.322539683 0.421587 66.2
244.744126984 0.369342 66.3
245.113469388 0.367166 66.4
245.480634921 0.329592 66.5
245.810226757 0.478753 66.6
246.288979592 0.395465 66.7
246.684444444 0.383129 66.8
247.067573696 0.457143 67.1
247.524716553 0.348299 67.2
247.873015873 0.312018 67.3
248.185034014 0.38458 67.4
248.569614512 0.362812 67.5
248.932426304 0.38458 67.6
249.317006803 0.44263 67.7
249.759637188 0.415057 67.8
250.174693878 0.695147 68.1
250.869841270 0.569501 68.2
251.439342404 0.43678 68.3
251.876122449 0.356009 68.4
252.232131519 0.284875 68.5
252.517006803 0.348299 68.6
252.865306122 0.370068 68.7
253.235374150 0.457143 68.8
253.692517007 0.472381 69.1
254.164897959 0.383855 69.2
254.548752834 0.348299 69.3
254.897052154 0.362812 69.4
255.259863946 0.399093 69.5
255.658956916 0.449887 69.6
256.108843537 0.522449 69.7
256.631292517 0.668299 69.8
257.299591837 0.47941 70.1
257.779002268 0.477687 70.2
258.256689342 0.253968 70.3
258.510657596 0.303265 70.4
258.813922902 0.251746 70.5
259.065668934 0.268526 70.6
259.334195011 0.260771 70.7
259.594965986 0.218277 70.8
259.813242630 0.25839 71.1
260.071632653 0.233447 71.2
260.305079365 0.293333 71.3
260.598412698 0.255102 71.4
260.853514739 0.235147 71.5
261.088662132 0.219252 71.6
261.307913832 0.256168 71.7
261.564081633 0.235102 71.8
261.799183673 0.248163 72.1
262.047346939 0.328005 72.2
262.375351474 0.248277 72.3
262.623628118 0.232313 72.4
262.855941043 0.199048 72.5
263.054988662 0.227415 72.6
263.282403628 0.228866 72.7
263.511269841 0.212676 72.8
263.723945578 0.328299 73.1
264.052244898 0.372245 73.2
264.424489796 0.226145 73.3
264.650634921 0.204875 73.4
264.855510204 0.288073 73.5
265.143582766 0.268186 73.6
265.411768707 0.281293 73.7
265.693061224 0.277937 73.8
265.970997732 0.556349 74.1
266.527346939 0.496327 74.2
267.023673469 0.391837 74.3
267.415510204 0.385306 74.4
267.800816327 0.287347 74.5
268.088163265 0.313469 74.6
268.401632653 0.463673 74.7
268.865306122 0.378776 74.8
269.244081633 0.274286 75.1
269.518367347 0.280816 75.2
269.799183673 0.254694 75.3
270.053877551 0.300408 75.4
270.354285714 0.261224 75.5
270.615510204 0.306939 75.6
270.922448980 0.359184 75.7
271.281632653 0.432472 75.8
271.714104308 0.690794 76.1
272.404897959 0.359184 76.2
272.764081633 0.398367 76.3
273.162448980 0.339592 76.4
273.502040816 0.444082 76.5
273.946122449 0.237256 76.6
274.183378685 0.223265 76.7
274.406643991 0.231587 76.8
274.638231293 0.462676 77.1
275.100907029 0.296621 77.2
275.397528345 0.23322 77.3
275.630748299 0.197052 77.4
275.827800454 0.281678 77.5
276.109478458 0.192676 77.6
276.302154195 0.199433 77.7
276.501587302 0.311474 77.8
276.813061224 0.632971 78.1
277.446031746 0.346621 78.2
277.792653061 0.326531 78.3
278.119183673 0.313469 78.4
278.432653061 0.274286 78.5
278.706938776 0.332971 78.6
279.039909297 0.457234 78.7
279.497142857 0.326531 78.8
279.823673469 0.293878 79.1
280.117551020 0.280816 79.2
280.398367347 0.293878 79.3
280.692244898 0.267755 79.4
280.960000000 0.254694 79.5
281.214693878 0.267755 79.6
281.482448980 0.430975 79.7
281.913424036 0.415306 79.8
282.328730159 0.671859 80.1
283.000589569 0.513084 80.2
283.513673469 1.01204 80.3
284.525714286 0.313469 80.4
284.839183673 0.365714 80.5
285.204897959 0.287347 80.6
285.492244898 0.261224 80.7
285.753469388 0.248163 80.8
286.001632653 0.235102 81.1
286.236734694 0.20898 81.2
286.445714286 0.339592 81.3
286.785306122 0.496327 81.4
287.281632653 0.894694 81.5
288.176326531 0.510476 81.6
288.686802721 0.710748 81.7
289.397551020 0.953469 81.8
290.351020408 0.966531 82.1
291.317551020 0.613878 82.2
291.931428571 0.43102 82.3
292.362448980 0.404898 82.4
292.767346939 0.32 82.5
293.087346939 0.365714 82.6
293.453061224 0.372245 82.7
293.825306122 0.53551 82.8
294.360816327 0.542041 83.1
294.902857143 0.555102 83.2
295.457959184 0.372245 83.3
295.830204082 0.346122 83.4
296.176326531 0.313469 83.5
296.489795918 0.391837 83.6
296.881632653 0.366417 83.7
297.248049887 0.555488 83.8
297.803537415 0.618299 84.1
298.421836735 0.510408 84.2
298.932244898 0.404898 84.3
299.337142857 0.417959 84.4
299.755102041 0.313469 84.5
300.068571429 0.391837 84.6
300.460408163 0.306939 84.7
300.767346939 0.417959 84.8
301.185306122 0.515918 85.1
301.701224490 0.470204 85.2
302.171428571 0.352653 85.3
302.524081633 0.376916 85.4
302.900997732 0.325102 85.5
303.226099773 0.377846 85.6
303.603945578 0.337279 85.7
303.941224490 0.483265 85.8
304.424489796 0.574694 86.1
304.999183673 0.581225 86.2
305.580408163 0.365714 86.3
305.946122449 0.411429 86.4
306.357551020 0.287347 86.5
306.644897959 0.411338 86.6
307.056235828 0.351293 86.7
307.407528345 0.465125 86.8
307.872653061 0.483265 87.1
308.355918367 0.525646 87.2
308.881564626 0.357664 87.3
309.239229025 0.360544 87.4
309.599773243 0.310431 87.5
309.910204082 0.387891 87.6
310.298095238 0.500272 87.7
310.798367347 0.679184 87.8
311.477551020 0.538912 88.1
312.016462585 0.531451 88.2
312.547913832 0.839206 88.3
313.387120181 0.421859 88.4
313.808979592 0.428549 88.5
314.237528345 0.289819 88.6
314.527346939 0.254694 88.7
314.782040816 0.332336 88.8
315.114376417 0.325193 89.1
315.439569161 0.392381 89.2
315.831950113 0.337166 89.3
316.169115646 0.239048 89.4
316.408163265 0.287347 89.5
316.695510204 0.272789 89.6
316.968299320 0.258118 89.7
317.226417234 0.654331 89.8
317.880748299 0.549161 90.1
318.429909297 0.5839 90.2
319.013809524 0.572585 90.3
319.586394558 0.776417 90.4
320.362811791 0.428118 90.5
320.790929705 0.224943 90.6
321.015873016 0.420862 90.7
321.436734694 0.398367 90.8
321.835102041 0.808073 91.1
322.643174603 0.579683 91.2
323.222857143 0.478435 91.3
323.701292517 0.540612 91.4
324.241904762 0.521701 91.5
324.763605442 0.542608 91.6
325.306213152 0.774467 91.7
326.080680272 91.8