1.654920635 1.1
2.729795918 1.2
3.117278912 1.3
3.522176871 1.4
4.014149660 2.1
4.631156463 2.2
5.050340136 2.3
5.483582766 2.4
5.955918367 3.1
6.608979592 3.2
7.026938776 3.3
7.432403628 3.4
7.906394558 4.1
8.428843537 4.2
8.858662132 4.3
9.277823129 4.4
9.787210884 5.1
10.430249433 5.2
10.849523810 5.3
11.276190476 5.4
11.754807256 6.1
12.260136054 6.2
12.696190476 6.3
13.118480726 6.4
13.631564626 7.1
14.167074830 7.2
14.541496599 7.3
15.002993197 7.4
15.477551020 8.1
15.978231293 8.2
16.383129252 8.3
16.883809524 8.4
17.545578231 9.1
18.185192744 9.2
18.580453515 9.3
19.004081633 9.4
19.496054422 10.1
20.014149660 10.2
20.436462585 10.3
20.837006803 10.4
21.342040816 11.1
21.908911565 11.2
22.320997732 11.3
22.682993197 11.4
23.179319728 12.1
23.792698413 12.2
24.184897959 12.3
24.598639456 12.4
25.081904762 13.1
25.712222222 13.2
26.111655329 13.3
26.538639456 13.4
27.010612245 14.1
27.585306122 14.2
28.007619048 14.3
28.482176871 14.4
29.096054422 15.1
29.740408163 15.2
30.140952381 15.3
30.559365079 15.4
31.020408163 16.1
31.560272109 16.2
31.976916100 16.3
32.400544218 16.4
32.879455782 17.1
33.467210884 17.2
33.892834467 17.3
34.316190476 17.4
34.803809524 18.1
35.374149660 18.2
35.783922902 18.3
36.240544218 18.4
36.849433107 19.1
37.455238095 19.2
37.864489796 19.3
38.304217687 19.4
38.782607710 20.1
39.316077098 20.2
39.713537415 20.3
40.125986395 20.4
40.602993197 21.1
41.108027211 21.2
41.495510204 21.3
41.954263039 21.4
42.418503401 22.1
42.907437642 22.2
43.302312925 22.3
43.711564626 22.4
44.190476190 23.1
44.688662132 23.2
45.109569161 23.3
45.546077098 23.4
45.972993197 24.1
46.518117914 24.2
46.905804989 24.3
47.316462585 24.4
47.751836735 25.1
48.513741497 25.2
48.901224490 25.3
49.323537415 25.4
49.769637188 26.1
50.322244898 26.2
50.749342404 26.3
51.200000000 26.4
51.770340136 27.1
52.493061224 27.2
52.902312925 27.3
53.324625850 27.4
53.794829932 28.1
54.329614512 28.2
54.728004535 28.3
55.148684807 28.4
55.653877551 29.1
56.232925170 29.2
56.643265306 29.3
57.047074830 29.4
57.569047619 30.1
58.134172336 30.2
58.548526077 30.3
58.952154195 30.4
59.479501134 31.1
60.351564626 31.2
60.758730159 31.3
61.178140590 31.4
61.657687075 32.1
62.188843537 32.2
62.609342404 32.3
63.033106576 32.4
63.603809524 33.1
64.246961451 33.2
64.657437642 33.3
65.071020408 33.4
65.510748299 34.1
66.015782313 34.2
66.429387755 34.3
66.909138322 34.4
67.565714286 35.1
68.291904762 35.2
68.718185941 35.3
69.143061224 35.4
69.594557823 36.1
70.164897959 36.2
70.552380952 36.3
70.961632653 36.4
71.440544218 37.1
71.958639456 37.2
72.380952381 37.3
72.854784580 37.4
73.351836735 38.1
73.974421769 38.2
74.425850340 38.3
74.856258503 38.4
75.419863946 39.1
76.016938776 39.2
76.412517007 39.3
76.795646259 39.4
77.287619048 40.1
77.722993197 40.2
78.149659864 40.3
78.589387755 40.4
79.046530612 41.1
79.682426304 41.2
80.109501134 41.3
80.537641723 41.4
81.004263039 42.1
81.515102041 42.2
81.941224490 42.3
82.364081633 42.4
82.880362812 43.1
83.530884354 43.2
83.940385488 43.3
84.379478458 43.4
84.841088435 44.1
85.398639456 44.2
85.847074830 44.3
86.304217687 44.4
87.022585034 45.1
87.758367347 45.2
88.180680272 45.3
88.594285714 45.4
89.105079365 46.1
89.748390023 46.2
90.123877551 46.3
90.552585034 46.4
91.052222222 47.1
91.659319728 47.2
92.046802721 47.3
92.499591837 47.4
93.022040816 48.1
93.683809524 48.2
94.110476190 48.3
94.598095238 48.4
95.595102041 49.1
96.365918367 49.2
97.399682540 49.3
98.623061224 49.4
99.352380952 50.1
100.060589569 50.2
100.677482993 50.3
101.233197279 50.4
101.642448980 51.1
102.232335601 51.2
103.196734694 51.3
103.712653061 51.4
104.301723356 52.1
105.155918367 52.2
105.632653061 52.3
106.106666667 52.4
106.599183673 53.1
107.157256236 53.2
107.591836735 53.3
108.047641723 53.4
108.538775510 54.1
109.155555556 54.2
109.593287982 54.3
109.985850340 54.4
110.496507937 55.1
111.065396825 55.2
111.502222222 55.3
111.939047619 55.4
112.604444444 56.1
113.880793651 56.2
114.438095238 56.3
114.946031746 56.4
115.474285714 57.1
116.058412698 57.2
116.551111111 57.3
116.987936508 57.4
117.460317460 58.1
117.886984127 58.2
118.363945578 58.3
118.801269841 58.4
119.430634921 59.1
121.000022676 59.2
122.276281179 59.3
122.795532880 59.4
123.304716553 60.1
124.522811791 60.2
125.143945578 60.3
126.089569161 60.4
126.670657596 61.1
128.006893424 61.2
128.882358277 61.3
130.076757370 61.4
131.750022676 62.1
132.632380952 62.2
133.095646259 62.3
133.572789116 62.4
134.101043084 63.1
134.617687075 63.2
135.064671202 63.3
135.539410431 63.4
136.153061224 64.1
136.824263039 64.2
137.258956916 64.3
137.676009070 64.4
138.083265306 65.1
138.605714286 65.2
139.033900227 65.3
139.492993197 65.4
140.155510204 66.1
140.765170068 66.2
141.224036281 66.3
141.616213152 66.4
142.061428571 67.1
142.524399093 67.2
142.946190476 67.3
143.394829932 67.4
143.942630385 68.1
144.538412698 68.2
144.967619048 68.3
145.443990930 68.4
145.901768707 69.1
146.403038549 69.2
146.877845805 69.3
147.409251701 69.4
148.312811791 70.1
149.594557823 70.2
150.291156463 70.3
150.873764172 70.4
151.469569161 71.1
151.990770975 71.2
152.509863946 71.3
152.976031746 71.4
153.414240363 72.1
153.867029478 72.2
154.293537415 72.3
154.677414966 72.4
155.100045351 73.1
155.475260771 73.2
155.887006803 73.3
156.267596372 73.4
156.812380952 74.1
157.481360544 74.2
158.028798186 74.3
158.435759637 74.4
158.857528345 75.1
159.236145125 75.2
159.701043084 75.3
160.171337868 75.4
160.758049887 76.1
161.636371882 76.2
162.400612245 76.3
163.155011338 76.4
163.601995465 77.1
164.033764172 77.2
164.466938776 77.3
164.902312925 77.4
165.593106576 78.1
166.254875283 78.2
166.725079365 78.3
167.158639456 78.4
167.601632653 79.1
168.015170068 79.2
168.443356009 79.3
168.919365079 79.4
169.494331066 80.1
170.743015873 80.2
171.670929705 80.3
172.356961451 80.4
172.924807256 81.1
173.406621315 81.2
174.114829932 81.3
175.235192744 81.4
176.581950113 82.1
177.528163265 82.2
177.969342404 82.3
178.416326531 82.4
178.927165533 83.1
179.530884354 83.2
179.952244898 83.3
180.372607710 83.4
180.865170068 84.1
181.532222222 84.2
181.985170068 84.3
182.400793651 84.4
182.886167800 85.1
183.437641723 85.2
183.849795918 85.3
184.292448980 85.4
184.801814059 86.1
185.521632653 86.2
185.945396825 86.3
186.365215420 86.4
186.885804989 87.1
187.457732426 87.2
187.890068027 87.3
188.366077098 87.4
189.126530612 88.1
190.347006803 88.2
191.274580499 88.3
191.860680272 88.4
192.336689342 89.1
193.073922902 89.2
193.515102041 89.3
194.049160998 89.4
194.745759637 90.1
195.770725624 90.2
196.893605442 90.3
197.485714286 90.4
198.321632653 91.1
199.204421769 91.2
199.964580499 91.3
200.762222222 91.4