1.654920635 0 1.1
2.729795918 55.8204 1.2
3.117278912 154.846 1.3
3.522176871 148.185 1.4
4.014149660 121.958 2.1
4.631156463 97.2437 2.2
5.050340136 143.135 2.3
5.483582766 138.491 2.4
5.955918367 127.028 3.1
6.608979592 91.875 3.2
7.026938776 143.555 3.3
7.432403628 147.978 3.4
7.906394558 126.585 4.1
8.428843537 114.844 4.2
8.858662132 139.594 4.3
9.277823129 143.143 4.4
9.787210884 117.788 5.1
10.430249433 93.307 5.2
10.849523810 143.104 5.3
11.276190476 140.625 5.4
11.754807256 125.361 6.1
12.260136054 118.735 6.2
12.696190476 137.598 6.3
13.118480726 142.082 6.4
13.631564626 116.94 7.1
14.167074830 112.043 7.2
14.541496599 160.247 7.3
15.002993197 130.012 7.4
15.477551020 126.433 8.1
15.978231293 119.837 8.2
16.383129252 148.185 8.3
16.883809524 119.837 8.4
17.545578231 90.6661 9.1
18.185192744 93.8065 9.2
18.580453515 151.799 9.3
19.004081633 141.634 9.4
19.496054422 121.958 10.1
20.014149660 115.809 10.2
20.436462585 142.075 10.3
20.837006803 149.796 10.4
21.342040816 118.804 11.1
21.908911565 105.844 11.2
22.320997732 145.601 11.3
22.682993197 165.748 11.4
23.179319728 120.888 12.1
23.792698413 97.8189 12.2
24.184897959 152.983 12.3
24.598639456 145.018 12.4
25.081904762 124.155 13.1
25.712222222 95.1901 13.2
26.111655329 150.213 13.3
26.538639456 140.52 13.4
27.010612245 127.126 14.1
27.585306122 104.403 14.2
28.007619048 142.075 14.3
28.482176871 126.433 14.4
29.096054422 97.7394 15.1
29.740408163 93.1166 15.2
30.140952381 149.796 15.3
30.559365079 143.399 15.4
31.020408163 130.14 16.1
31.560272109 111.139 16.2
31.976916100 144.008 16.3
32.400544218 141.634 16.4
32.879455782 125.284 17.1
33.467210884 102.083 17.2
33.892834467 140.97 17.3
34.316190476 141.725 17.4
34.803809524 123.047 18.1
35.374149660 105.2 18.2
35.783922902 146.422 18.3
36.240544218 131.4 18.4
36.849433107 98.5401 19.1
37.455238095 99.0418 19.2
37.864489796 146.609 19.3
38.304217687 136.448 19.4
38.782607710 125.421 20.1
39.316077098 112.471 20.2
39.713537415 150.958 20.3
40.125986395 145.473 20.4
40.602993197 125.784 21.1
41.108027211 118.804 21.2
41.495510204 154.846 21.3
41.954263039 130.789 21.4
42.418503401 129.243 22.1
42.907437642 122.716 22.2
43.302312925 151.947 22.3
43.711564626 146.609 22.4
44.190476190 125.284 23.1
44.688662132 120.437 23.2
45.109569161 142.549 23.3
45.546077098 137.455 23.4
45.972993197 140.543 24.1
46.518117914 110.067 24.2
46.905804989 154.764 24.3
47.316462585 146.107 24.4
47.751836735 137.813 25.1
48.513741497 78.75 25.2
48.901224490 154.846 25.3
49.323537415 142.075 25.4
49.769637188 134.499 26.1
50.322244898 108.576 26.2
50.749342404 140.483 26.3
51.200000000 133.139 26.4
51.770340136 105.2 27.1
52.493061224 83.0196 27.2
52.902312925 146.609 27.3
53.324625850 142.075 27.4
53.794829932 127.604 28.1
54.329614512 112.195 28.2
54.728004535 150.606 28.3
55.148684807 142.626 28.4
55.653877551 118.767 29.1
56.232925170 103.618 29.2
56.643265306 146.22 29.3
57.047074830 148.585 29.4
57.569047619 114.949 30.1
58.134172336 106.171 30.2
58.548526077 144.804 30.3
58.952154195 148.652 30.4
59.479501134 113.777 31.1
60.351564626 68.8023 31.2
60.758730159 147.36 31.3
61.178140590 143.058 31.4
61.657687075 125.118 32.1
62.188843537 112.961 32.2
62.609342404 142.688 32.3
63.033106576 141.588 32.4
63.603809524 105.133 33.1
64.246961451 93.2906 33.2
64.657437642 146.172 33.3
65.071020408 145.074 33.4
65.510748299 136.448 34.1
66.015782313 118.804 34.2
66.429387755 145.066 34.3
66.909138322 125.065 34.4
67.565714286 91.3832 35.1
68.291904762 82.6229 35.2
68.718185941 140.752 35.3
69.143061224 141.218 35.4
69.594557823 132.891 36.1
70.164897959 105.2 36.2
70.552380952 154.846 36.3
70.961632653 146.609 36.4
71.440544218 125.284 37.1
71.958639456 115.809 37.2
72.380952381 142.075 37.3
72.854784580 126.627 37.4
73.351836735 120.712 38.1
73.974421769 96.3724 38.2
74.425850340 132.911 38.3
74.856258503 139.403 38.4
75.419863946 106.457 39.1
76.016938776 100.49 39.2
76.412517007 151.677 39.3
76.795646259 156.605 39.4
77.287619048 121.958 40.1
77.722993197 137.813 40.2
78.149659864 140.625 40.3
78.589387755 136.448 40.4
79.046530612 131.25 41.1
79.682426304 94.3551 41.2
80.109501134 140.491 41.3
80.537641723 140.141 41.4
81.004263039 128.584 42.1
81.515102041 117.454 42.2
81.941224490 140.805 42.3
82.364081633 141.892 42.4
82.880362812 116.216 43.1
83.530884354 92.2337 43.2
83.940385488 146.52 43.3
84.379478458 136.645 43.4
84.841088435 129.98 44.1
85.398639456 107.613 44.2
85.847074830 133.799 44.3
86.304217687 131.25 44.4
87.022585034 83.5227 45.1
87.758367347 81.5459 45.2
88.180680272 142.075 45.3
88.594285714 145.066 45.4
89.105079365 117.464 46.1
89.748390023 93.2675 46.2
90.123877551 159.792 46.3
90.552585034 139.956 46.4
91.052222222 120.087 47.1
91.659319728 98.8309 47.2
92.046802721 154.846 47.3
92.499591837 132.512 47.4
93.022040816 114.844 48.1
93.683809524 90.6661 48.2
94.110476190 140.625 48.3
94.598095238 123.047 48.4
95.595102041 60.1801 49.1
96.365918367 77.8396 49.2
97.399682540 58.0403 49.3
98.623061224 49.0445 49.4
99.352380952 82.2684 50.1
100.060589569 84.7208 50.2
100.677482993 97.2615 50.3
101.233197279 107.969 50.4
101.642448980 146.609 51.1
102.232335601 101.714 51.2
103.196734694 62.2149 51.3
103.712653061 116.297 51.4
104.301723356 101.855 52.1
105.155918367 70.2416 52.2
105.632653061 125.856 52.3
106.106666667 126.579 52.4
106.599183673 121.823 53.1
107.157256236 107.513 53.2
107.591836735 138.064 53.3
108.047641723 131.635 53.4
108.538775510 122.166 54.1
109.155555556 97.2794 54.2
109.593287982 137.07 54.3
109.985850340 152.842 54.4
110.496507937 117.496 55.1
111.065396825 105.469 55.2
111.502222222 137.355 55.3
111.939047619 137.355 55.4
112.604444444 90.1718 56.1
113.880793651 47.0091 56.2
114.438095238 107.662 56.3
114.946031746 118.125 56.4
115.474285714 113.582 57.1
116.058412698 102.717 57.2
116.551111111 121.778 57.3
116.987936508 137.355 57.4
117.460317460 127.016 58.1
117.886984127 140.625 58.2
118.363945578 125.796 58.3
118.801269841 137.198 58.4
119.430634921 95.3342 59.1
121.000022676 38.2315 59.2
122.276281179 47.0124 59.3
122.795532880 115.551 59.4
123.304716553 117.836 60.1
124.522811791 49.2572 60.2
125.143945578 96.5975 60.3
126.089569161 63.4502 60.4
126.670657596 103.255 61.1
128.006893424 44.9023 61.2
128.882358277 68.535 61.3
130.076757370 50.2345 61.4
131.750022676 35.858 62.1
132.632380952 67.9996 62.2
133.095646259 129.515 62.3
133.572789116 125.749 62.4
134.101043084 113.582 63.1
134.617687075 116.134 63.2
135.064671202 134.233 63.3
135.539410431 126.385 63.4
136.153061224 97.7755 64.1
136.824263039 89.3919 64.2
137.258956916 138.028 64.3
137.676009070 143.867 64.4
138.083265306 147.327 65.1
138.605714286 114.844 65.2
139.033900227 140.126 65.3
139.492993197 130.692 65.4
140.155510204 90.5637 66.1
140.765170068 98.4155 66.2
141.224036281 130.757 66.3
141.616213152 152.992 66.4
142.061428571 134.766 67.1
142.524399093 129.598 67.2
142.946190476 142.25 67.3
143.394829932 133.738 67.4
143.942630385 109.529 68.1
144.538412698 100.708 68.2
144.967619048 139.793 68.3
145.443990930 125.952 68.4
145.901768707 131.068 69.1
146.403038549 119.696 69.2
146.877845805 126.367 69.3
147.409251701 112.908 69.4
148.312811791 66.404 70.1
149.594557823 46.8111 70.2
150.291156463 86.1328 70.3
150.873764172 102.985 70.4
151.469569161 100.704 71.1
151.990770975 115.119 71.2
152.509863946 115.586 71.3
152.976031746 128.709 71.4
153.414240363 136.921 72.1
153.867029478 132.512 72.2
154.293537415 140.677 72.3
154.677414966 156.3 72.4
155.100045351 141.968 73.1
155.475260771 159.908 73.2
155.887006803 145.721 73.3
156.267596372 157.65 73.4
156.812380952 110.135 74.1
157.481360544 89.6888 74.2
158.028798186 109.602 74.3
158.435759637 147.434 74.4
158.857528345 142.258 75.1
159.236145125 158.472 75.2
159.701043084 129.061 75.3
160.171337868 127.58 75.4
160.758049887 102.265 76.1
161.636371882 68.3121 76.2
162.400612245 78.5093 76.3
163.155011338 79.5335 76.4
163.601995465 134.233 77.1
164.033764172 138.963 77.2
164.466938776 138.512 77.3
164.902312925 137.813 77.4
165.593106576 86.8566 78.1
166.254875283 90.6661 78.2
166.725079365 127.604 78.3
167.158639456 138.389 78.4
167.601632653 135.442 79.1
168.015170068 145.09 79.2
168.443356009 140.126 79.3
168.919365079 126.048 79.4
169.494331066 104.354 80.1
170.743015873 48.0506 80.2
171.670929705 64.6612 80.3
172.356961451 87.4595 80.4
172.924807256 105.662 81.1
173.406621315 124.529 81.2
174.114829932 84.7208 81.3
175.235192744 53.5541 81.4
176.581950113 44.5515 82.1
177.528163265 63.4107 82.2
177.969342404 135.999 82.3
178.416326531 134.233 82.4
178.927165533 117.454 83.1
179.530884354 99.384 83.2
179.952244898 142.396 83.3
180.372607710 142.734 83.4
180.865170068 121.812 84.1
181.532222222 89.948 84.2
181.985170068 132.466 84.3
182.400793651 144.361 84.4
182.886167800 123.616 85.1
183.437641723 108.799 85.2
183.849795918 145.577 85.3
184.292448980 135.546 85.4
184.801814059 117.794 86.1
185.521632653 83.3543 86.2
185.945396825 141.588 86.3
186.365215420 142.919 86.4
186.885804989 115.254 87.1
187.457732426 104.908 87.2
187.890068027 138.781 87.3
188.366077098 126.048 87.4
189.126530612 78.9003 88.1
190.347006803 49.1611 88.2
191.274580499 64.6849 88.3
191.860680272 102.372 88.4
192.336689342 126.048 89.1
193.073922902 81.3853 89.2
193.515102041 135.999 89.3
194.049160998 112.347 89.4
194.745759637 86.1328 90.1
195.770725624 58.5385 90.2
196.893605442 53.434 90.3
197.485714286 101.333 90.4
198.321632653 71.7773 91.1
199.204421769 67.9664 91.2
199.964580499 78.9309 91.3
200.762222222 75.2217 91.4