###data-type:		Global Beat Dynamics (0.2x2 smoothing; 100 ms delay)
###extraction-date:	Tue May 24 11:23:07 PDT 2022
1.655	61.3	1.1
2.73	69.9	1.2
3.117	71.9	1.3
3.522	71.5	1.4
4.014	71.3	2.1
4.631	70.7	2.2
5.05	68.6	2.3
5.484	69.8	2.4
5.956	69.7	3.1
6.609	73.8	3.2
7.027	71.9	3.3
7.432	71.0	3.4
7.906	73.4	4.1
8.429	73.8	4.2
8.859	71.4	4.3
9.278	71.9	4.4
9.787	74.6	5.1
10.43	73.1	5.2
10.85	70.8	5.3
11.276	71.3	5.4
11.755	74.4	6.1
12.26	74.4	6.2
12.696	72.4	6.3
13.118	72.3	6.4
13.632	72.9	7.1
14.167	71.5	7.2
14.541	73.4	7.3
15.003	72.2	7.4
15.478	71.0	8.1
15.978	71.1	8.2
16.383	70.8	8.3
16.884	71.3	8.4
17.546	66.5	9.1
18.185	65.2	9.2
18.58	67.2	9.3
19.004	68.4	9.4
19.496	75.7	10.1
20.014	70.7	10.2
20.436	68.6	10.3
20.837	72.5	10.4
21.342	76.5	11.1
21.909	77.5	11.2
22.321	72.9	11.3
22.683	74.1	11.4
23.179	75.6	12.1
23.793	78.6	12.2
24.185	75.5	12.3
24.599	73.2	12.4
25.082	74.8	13.1
25.712	76.2	13.2
26.112	75.4	13.3
26.539	72.0	13.4
27.011	75.9	14.1
27.585	73.8	14.2
28.008	71.4	14.3
28.482	67.2	14.4
29.096	69.0	15.1
29.74	70.6	15.2
30.141	69.9	15.3
30.559	71.6	15.4
31.02	75.9	16.1
31.56	74.8	16.2
31.977	71.9	16.3
32.401	73.8	16.4
32.879	71.9	17.1
33.467	74.9	17.2
33.893	73.0	17.3
34.316	70.2	17.4
34.804	73.6	18.1
35.374	72.9	18.2
35.784	71.0	18.3
36.241	65.6	18.4
36.849	71.2	19.1
37.455	70.9	19.2
37.864	67.7	19.3
38.304	70.5	19.4
38.783	73.6	20.1
39.316	71.5	20.2
39.714	71.3	20.3
40.126	73.1	20.4
40.603	75.2	21.1
41.108	73.9	21.2
41.496	74.5	21.3
41.954	72.9	21.4
42.419	76.9	22.1
42.907	71.9	22.2
43.302	73.7	22.3
43.712	73.5	22.4
44.19	77.0	23.1
44.689	76.4	23.2
45.11	75.4	23.3
45.546	74.0	23.4
45.973	76.9	24.1
46.518	78.2	24.2
46.906	77.4	24.3
47.316	77.4	24.4
47.752	76.8	25.1
48.514	79.6	25.2
48.901	77.5	25.3
49.324	76.8	25.4
49.77	77.6	26.1
50.322	81.9	26.2
50.749	80.8	26.3
51.2	80.0	26.4
51.77	74.5	27.1
52.493	80.6	27.2
52.902	74.3	27.3
53.325	74.4	27.4
53.795	79.5	28.1
54.33	81.0	28.2
54.728	76.1	28.3
55.149	75.0	28.4
55.654	77.7	29.1
56.233	78.3	29.2
56.643	74.6	29.3
57.047	75.7	29.4
57.569	78.7	30.1
58.134	78.1	30.2
58.549	74.7	30.3
58.952	73.5	30.4
59.48	74.9	31.1
60.352	78.9	31.2
60.759	74.7	31.3
61.178	74.1	31.4
61.658	77.7	32.1
62.189	73.8	32.2
62.609	73.7	32.3
63.033	74.1	32.4
63.604	71.9	33.1
64.247	71.7	33.2
64.657	70.3	33.3
65.071	69.9	33.4
65.511	75.4	34.1
66.016	71.6	34.2
66.429	69.8	34.3
66.909	68.5	34.4
67.566	71.7	35.1
68.292	70.3	35.2
68.718	69.9	35.3
69.143	67.3	35.4
69.595	75.1	36.1
70.165	77.0	36.2
70.552	73.0	36.3
70.962	74.2	36.4
71.441	75.1	37.1
71.959	74.8	37.2
72.381	71.8	37.3
72.855	71.3	37.4
73.352	68.7	38.1
73.974	77.0	38.2
74.426	74.7	38.3
74.856	72.1	38.4
75.42	69.9	39.1
76.017	71.6	39.2
76.413	72.2	39.3
76.796	70.3	39.4
77.288	73.2	40.1
77.723	74.3	40.2
78.15	72.3	40.3
78.589	72.6	40.4
79.047	74.9	41.1
79.682	77.6	41.2
80.11	77.6	41.3
80.538	76.1	41.4
81.004	76.0	42.1
81.515	78.2	42.2
81.941	76.4	42.3
82.364	75.3	42.4
82.88	73.1	43.1
83.531	76.1	43.2
83.94	73.6	43.3
84.379	75.5	43.4
84.841	72.9	44.1
85.399	78.2	44.2
85.847	76.8	44.3
86.304	70.5	44.4
87.023	69.6	45.1
87.758	71.5	45.2
88.181	72.3	45.3
88.594	72.7	45.4
89.105	73.0	46.1
89.748	68.6	46.2
90.124	69.1	46.3
90.553	72.5	46.4
91.052	72.6	47.1
91.659	68.5	47.2
92.047	70.5	47.3
92.5	73.4	47.4
93.022	70.9	48.1
93.684	67.6	48.2
94.11	67.8	48.3
94.598	70.7	48.4
95.595	57.6	49.1
96.366	77.6	49.2
97.4	59.6	49.3
98.623	69.5	49.4
99.352	69.1	50.1
100.061	75.3	50.2
100.677	71.4	50.3
101.233	72.3	50.4
101.642	73.4	51.1
102.232	76.4	51.2
103.197	73.5	51.3
103.713	69.5	51.4
104.302	69.4	52.1
105.156	77.4	52.2
105.633	75.7	52.3
106.107	75.6	52.4
106.599	75.3	53.1
107.157	75.5	53.2
107.592	72.9	53.3
108.048	75.6	53.4
108.539	73.1	54.1
109.156	72.4	54.2
109.593	69.9	54.3
109.986	72.6	54.4
110.497	73.1	55.1
111.065	72.5	55.2
111.502	70.2	55.3
111.939	72.4	55.4
112.604	66.7	56.1
113.881	69.0	56.2
114.438	72.2	56.3
114.946	73.3	56.4
115.474	71.6	57.1
116.058	74.0	57.2
116.551	75.8	57.3
116.988	73.0	57.4
117.46	73.7	58.1
117.887	76.8	58.2
118.364	73.9	58.3
118.801	79.1	58.4
119.431	78.0	59.1
121	74.0	59.2
122.276	72.1	59.3
122.796	75.9	59.4
123.305	78.5	60.1
124.523	74.4	60.2
125.144	75.5	60.3
126.09	73.4	60.4
126.671	77.0	61.1
128.007	75.9	61.2
128.882	75.6	61.3
130.077	69.7	61.4
131.75	66.8	62.1
132.632	73.8	62.2
133.096	73.4	62.3
133.573	74.8	62.4
134.101	72.0	63.1
134.618	74.5	63.2
135.065	73.6	63.3
135.539	72.5	63.4
136.153	73.9	64.1
136.824	77.3	64.2
137.259	74.5	64.3
137.676	73.7	64.4
138.083	73.3	65.1
138.606	73.7	65.2
139.034	72.8	65.3
139.493	73.5	65.4
140.156	72.2	66.1
140.765	73.0	66.2
141.224	69.9	66.3
141.616	74.4	66.4
142.061	74.8	67.1
142.524	76.2	67.2
142.946	77.4	67.3
143.395	77.3	67.4
143.943	75.3	68.1
144.538	81.0	68.2
144.968	79.5	68.3
145.444	81.3	68.4
145.902	76.8	69.1
146.403	79.7	69.2
146.878	80.9	69.3
147.409	75.3	69.4
148.313	66.7	70.1
149.595	68.3	70.2
150.291	70.6	70.3
150.874	72.5	70.4
151.47	68.7	71.1
151.991	64.4	71.2
152.51	70.2	71.3
152.976	67.3	71.4
153.414	72.5	72.1
153.867	71.0	72.2
154.294	73.4	72.3
154.677	69.9	72.4
155.1	78.3	73.1
155.475	73.3	73.2
155.887	74.7	73.3
156.268	75.4	73.4
156.812	77.8	74.1
157.481	76.3	74.2
158.029	73.1	74.3
158.436	79.3	74.4
158.858	75.8	75.1
159.236	72.1	75.2
159.701	75.1	75.3
160.171	79.5	75.4
160.758	74.9	76.1
161.636	73.9	76.2
162.401	75.4	76.3
163.155	71.3	76.4
163.602	71.7	77.1
164.034	75.1	77.2
164.467	76.7	77.3
164.902	80.1	77.4
165.593	81.3	78.1
166.255	77.0	78.2
166.725	76.5	78.3
167.159	79.8	78.4
167.602	78.6	79.1
168.015	75.4	79.2
168.443	77.7	79.3
168.919	79.9	79.4
169.494	75.8	80.1
170.743	69.7	80.2
171.671	69.2	80.3
172.357	73.1	80.4
172.925	74.3	81.1
173.407	74.4	81.2
174.115	73.1	81.3
175.235	76.5	81.4
176.582	68.2	82.1
177.528	74.8	82.2
177.969	73.1	82.3
178.416	71.5	82.4
178.927	73.9	83.1
179.531	73.4	83.2
179.952	71.3	83.3
180.373	68.3	83.4
180.865	73.0	84.1
181.532	75.4	84.2
181.985	71.7	84.3
182.401	68.4	84.4
182.886	74.6	85.1
183.438	73.9	85.2
183.85	72.0	85.3
184.292	68.8	85.4
184.802	71.2	86.1
185.522	74.3	86.2
185.945	72.5	86.3
186.365	72.3	86.4
186.886	72.5	87.1
187.458	70.2	87.2
187.89	72.4	87.3
188.366	72.1	87.4
189.127	71.0	88.1
190.347	71.6	88.2
191.275	75.1	88.3
191.861	74.8	88.4
192.337	73.7	89.1
193.074	74.4	89.2
193.515	73.0	89.3
194.049	72.6	89.4
194.746	76.5	90.1
195.771	72.7	90.2
196.894	75.2	90.3
197.486	75.8	90.4
198.322	74.7	91.1
199.204	75.8	91.2
199.965	74.9	91.3
200.762	73.6	91.4
