###data-type:		Global Beat Dynamics (0.2x2 smoothing; 100 ms delay)
###extraction-date:	Tue May 24 10:52:02 PDT 2022
2.586	70.3	1.1
3.635	77.3	1.2
4.119	82.8	1.3
4.611	80.4	1.4
5.081	81.1	2.1
5.616	76.7	2.2
6.082	82.8	2.3
6.544	83.5	2.4
7.04	77.4	3.1
7.684	75.8	3.2
8.15	82.8	3.3
8.62	84.5	3.4
9.086	79.6	4.1
9.665	75.3	4.2
10.118	83.1	4.3
10.553	84.1	4.4
11.08	80.4	5.1
11.677	85.7	5.2
12.108	86.4	5.3
12.582	80.7	5.4
13.031	78.7	6.1
13.571	84.8	6.2
14.05	84.4	6.3
14.489	82.1	6.4
14.981	79.7	7.1
15.547	86.4	7.2
15.991	82.2	7.3
16.475	81.9	7.4
16.932	81.4	8.1
17.437	76.3	8.2
17.894	81.1	8.3
18.347	77.6	8.4
18.895	74.6	9.1
19.57	80.4	9.2
20.062	76.9	9.3
20.493	75.3	9.4
20.946	76.4	10.1
21.494	81.3	10.2
21.925	76.2	10.3
22.387	76.4	10.4
22.896	79.2	11.1
23.528	79.5	11.2
23.976	84.2	11.3
24.433	79.4	11.4
24.886	78.5	12.1
25.395	78.3	12.2
25.835	82.1	12.3
26.284	84.8	12.4
26.736	79.4	13.1
27.215	78.1	13.2
27.664	83.6	13.3
28.13	78.5	13.4
28.595	83.8	14.1
29.179	81.2	14.2
29.627	78.2	14.3
30.124	80.6	14.4
30.742	72.0	15.1
31.373	75.6	15.2
31.852	77.9	15.3
32.296	81.2	15.4
32.788	80.9	16.1
33.345	76.5	16.2
33.776	75.9	16.3
34.229	84.7	16.4
34.73	80.7	17.1
35.239	77.0	17.2
35.696	86.5	17.3
36.149	83.1	17.4
36.659	79.7	18.1
37.285	77.5	18.2
37.73	82.6	18.3
38.182	78.0	18.4
38.818	81.2	19.1
39.558	81.0	19.2
39.998	82.4	19.3
40.464	77.8	19.4
40.956	86.2	20.1
41.474	84.3	20.2
41.909	84.4	20.3
42.336	77.9	20.4
42.832	79.3	21.1
43.338	76.1	21.2
43.78	72.1	21.3
44.227	73.0	21.4
44.677	79.2	22.1
45.159	76.2	22.2
45.584	80.0	22.3
46.041	75.6	22.4
46.541	79.7	23.1
47.075	75.2	23.2
47.514	71.7	23.3
47.971	77.5	23.4
48.472	82.5	24.1
48.965	77.3	24.2
49.39	78.3	24.3
49.814	74.0	24.4
50.351	77.0	25.1
51.013	83.3	25.2
51.457	78.8	25.3
51.923	80.2	25.4
52.402	83.5	26.1
52.876	80.1	26.2
53.316	86.6	26.3
53.795	81.1	26.4
54.557	78.8	27.1
55.38	79.3	27.2
55.85	85.7	27.3
56.29	80.2	27.4
56.742	81.8	28.1
57.247	77.9	28.2
57.704	82.0	28.3
58.136	82.7	28.4
58.675	78.2	29.1
59.272	80.8	29.2
59.707	84.1	29.3
60.16	84.9	29.4
60.621	75.5	30.1
61.074	79.5	30.2
61.514	83.8	30.3
61.989	83.4	30.4
62.607	77.8	31.1
63.639	75.6	31.2
64.091	76.5	31.3
64.562	81.0	31.4
65.001	84.3	32.1
65.472	82.8	32.2
65.894	81.2	32.3
66.36	79.5	32.4
67.03	77.9	33.1
67.859	75.2	33.2
68.288	82.3	33.3
68.738	82.1	33.4
69.207	77.2	34.1
69.725	81.1	34.2
70.156	82.2	34.3
70.626	74.0	34.4
71.205	79.6	35.1
71.989	83.3	35.2
72.424	75.9	35.3
72.903	74.1	35.4
73.461	80.6	36.1
74.092	77.1	36.2
74.527	84.0	36.3
74.976	75.0	36.4
75.585	75.8	37.1
76.339	74.0	37.2
76.796	80.2	37.3
77.227	77.0	37.4
77.71	80.4	38.1
78.289	83.4	38.2
78.724	82.6	38.3
79.216	82.4	38.4
79.974	76.1	39.1
80.662	83.4	39.2
81.119	77.7	39.3
81.563	78.1	39.4
82.038	82.1	40.1
82.495	80.0	40.2
82.974	85.4	40.3
83.448	79.1	40.4
84.048	82.4	41.1
84.741	76.7	41.2
85.159	82.7	41.3
85.603	77.8	41.4
86.174	84.2	42.1
86.761	79.8	42.2
87.201	87.3	42.3
87.671	80.8	42.4
88.329	83.6	43.1
89.108	83.6	43.2
89.57	85.4	43.3
90.018	79.8	43.4
90.466	82.0	44.1
90.95	84.4	44.2
91.398	76.0	44.3
91.964	75.7	44.4
92.909	75.7	45.1
93.645	82.1	45.2
94.141	83.8	45.3
94.607	76.9	45.4
95.203	81.7	46.1
95.83	87.5	46.2
96.279	86.5	46.3
96.762	76.6	46.4
97.297	79.9	47.1
97.907	86.4	47.2
98.351	86.7	47.3
98.813	76.1	47.4
99.369	78.5	48.1
99.988	85.2	48.2
100.441	88.3	48.3
100.989	80.6	48.4
102.178	70.7	49.1
103.319	76.2	49.2
104.673	42.7	49.3
106.083	81.3	49.4
106.623	74.7	50.1
107.254	80.3	50.2
107.696	76.7	50.3
108.099	78.2	50.4
108.517	75.3	51.1
108.939	81.6	51.2
109.353	75.6	51.3
109.775	79.5	51.4
110.546	78.0	52.1
111.617	83.7	52.2
112.1	82.0	52.3
112.592	83.5	52.4
113.097	81.6	53.1
113.611	81.9	53.2
114.081	81.4	53.3
114.547	81.4	53.4
115.056	78.4	54.1
115.796	78.7	54.2
116.288	87.8	54.3
116.764	79.8	54.4
117.272	81.1	55.1
117.825	77.3	55.2
118.282	87.7	55.3
118.787	81.7	55.4
119.728	72.3	56.1
121.704	73.2	56.2
122.318	74.2	56.3
122.719	75.1	56.4
123.346	80.8	57.1
124.343	82.0	57.2
124.776	78.3	57.3
125.183	78.7	57.4
125.745	84.0	58.1
126.337	83.1	58.2
126.742	80.7	58.3
127.252	83.6	58.4
127.935	78.9	59.1
129.559	82.9	59.2
131.061	84.2	59.3
131.454	79.0	59.4
131.818	80.6	60.1
133.725	81.4	60.2
134.335	85.3	60.3
136.244	79.4	60.4
137.483	87.3	61.1
139.302	79.3	61.2
140.478	77.3	61.3
141.543	77.8	61.4
143.598	73.0	62.1
144.771	82.2	62.2
145.322	84.1	62.3
145.816	77.0	62.4
146.442	81.3	63.1
147.1	77.9	63.2
147.625	81.4	63.3
148.167	82.9	63.4
149.072	77.8	64.1
149.867	72.6	64.2
150.326	78.7	64.3
150.834	82.0	64.4
151.359	77.0	65.1
151.975	76.5	65.2
152.474	85.4	65.3
152.967	75.3	65.4
153.821	75.2	66.1
154.871	85.5	66.2
155.348	80.2	66.3
155.818	82.4	66.4
156.282	78.3	67.1
156.758	85.3	67.2
157.199	79.3	67.3
157.692	82.1	67.4
158.378	77.7	68.1
159.173	80.6	68.2
159.765	79.2	68.3
160.253	87.0	68.4
160.705	84.4	69.1
161.145	81.1	69.2
161.593	82.6	69.3
162.122	80.7	69.4
163.178	74.6	70.1
164.855	74.6	70.2
165.327	72.9	70.3
165.965	72.7	70.4
166.441	78.7	71.1
167.085	74.6	71.2
167.571	79.4	71.3
168.031	73.1	71.4
168.583	78.8	72.1
169.124	75.9	72.2
169.58	84.4	72.3
170.066	82.9	72.4
170.549	85.4	73.1
171.045	78.3	73.2
171.517	79.9	73.3
171.997	79.4	73.4
172.687	77.9	74.1
173.476	80.8	74.2
174.027	78.3	74.3
174.498	89.7	74.4
174.991	86.0	75.1
175.484	83.2	75.2
175.942	79.7	75.3
176.414	84.7	75.4
177.198	80.6	76.1
178.151	86.0	76.2
178.84	81.8	76.3
179.783	76.4	76.4
180.204	80.2	77.1
180.885	78.6	77.2
181.324	81.1	77.3
181.918	81.6	77.4
182.864	82.6	78.1
183.713	85.1	78.2
184.285	80.9	78.3
184.744	88.4	78.4
185.202	81.9	79.1
185.707	81.2	79.2
186.171	80.2	79.3
186.7	83.6	79.4
187.82	77.6	80.1
188.945	86.7	80.2
190.993	74.0	80.3
191.801	78.8	80.4
192.239	81.1	81.1
192.78	82.7	81.2
193.851	76.8	81.3
195.593	74.3	81.4
198.408	75.8	82.1
199.495	73.5	82.2
199.999	86.6	82.3
200.512	83.4	82.4
200.989	80.8	83.1
201.495	78.3	83.2
201.921	79.2	83.3
202.414	78.9	83.4
202.918	80.6	84.1
203.483	78.5	84.2
203.943	84.4	84.3
204.422	83.5	84.4
204.875	82.0	85.1
205.406	76.9	85.2
205.837	80.7	85.3
206.296	83.6	85.4
206.809	81.1	86.1
207.482	85.4	86.2
207.915	85.8	86.3
208.411	81.3	86.4
208.869	80.5	87.1
209.473	84.1	87.2
209.897	87.6	87.3
210.391	82.4	87.4
211.371	77.9	88.1
212.772	78.0	88.2
214.192	77.6	88.3
214.738	81.3	88.4
215.2	80.9	89.1
215.673	79.3	89.2
216.121	83.3	89.3
216.625	78.6	89.4
217.304	79.8	90.1
218.897	74.8	90.2
219.706	81.4	90.3
220.202	79.8	90.4
221.106	77.0	91.1
222.115	81.9	91.2
223.237	83.3	91.3
224.132	57.0	91.4
