2.586122449 0 1.1
3.635374150 57.1836 1.2
4.118639456 124.155 1.3
4.610612245 121.958 1.4
5.080816327 127.604 2.1
5.616326531 112.043 2.2
6.082176871 128.797 2.3
6.543673469 130.012 2.4
7.040000000 120.888 3.1
7.684353741 93.1166 3.2
8.150204082 128.797 3.3
8.620408163 127.604 3.4
9.086258503 128.797 4.1
9.665306122 103.618 4.2
10.118095238 132.512 4.3
10.553469388 137.813 4.4
11.080272109 113.895 5.1
11.676734694 100.593 5.2
12.107755102 139.205 5.3
12.582312925 126.433 5.4
13.030748299 133.799 6.1
13.570612245 111.139 6.2
14.049523810 125.284 6.3
14.489251701 136.448 6.4
14.981224490 121.958 7.1
15.547210884 106.01 7.2
15.991292517 135.11 7.3
16.474557823 124.155 7.4
16.931700680 131.25 8.1
17.436734694 118.804 8.2
17.893877551 131.25 8.3
18.346666667 132.512 8.4
18.895238095 109.375 9.1
19.570068027 88.9113 9.2
20.062040816 121.958 9.3
20.493061224 139.205 9.4
20.945850340 132.512 10.1
21.494421769 109.375 10.2
21.925442177 139.205 10.3
22.386938776 130.012 10.4
22.896326531 117.788 11.1
23.527619048 95.0431 11.2
23.976054422 133.799 11.3
24.433197279 131.25 11.4
24.885986395 132.512 12.1
25.395374150 117.788 12.2
25.835102041 136.448 12.3
26.283537415 133.799 12.4
26.736326531 132.512 13.1
27.215238095 125.284 13.2
27.663673469 133.799 13.3
28.129523810 128.797 13.4
28.595374150 128.797 14.1
29.178775510 102.845 14.2
29.627210884 133.799 14.3
30.123537415 120.888 14.4
30.741768707 97.0511 15.1
31.373061224 95.0431 15.2
31.851972789 125.284 15.3
32.296054422 135.11 15.4
32.788027211 121.958 16.1
33.345306122 107.666 16.2
33.776326531 139.205 16.3
34.229115646 132.512 16.4
34.729795918 119.837 17.1
35.239183673 117.788 17.2
35.696326531 131.25 17.3
36.149115646 132.512 17.4
36.658503401 117.788 18.1
37.285442177 95.7031 18.2
37.729523810 135.11 18.3
38.182312925 132.512 18.4
38.817959184 94.3921 19.1
39.558095238 81.0662 19.2
39.997823129 136.448 19.3
40.463673469 128.797 19.4
40.955646259 121.958 20.1
41.473741497 115.809 20.2
41.909115646 137.813 20.3
42.335782313 140.625 20.4
42.832108844 120.888 21.1
43.337868481 118.633 21.2
43.780498866 135.553 21.3
44.226757370 134.451 21.4
44.676643991 133.367 22.1
45.159183673 124.342 22.2
45.583673469 141.346 22.3
46.040816327 131.25 22.4
46.541496599 119.837 23.1
47.074829932 112.5 23.2
47.513832200 136.674 23.3
47.970975057 131.25 23.4
48.471655329 119.837 24.1
48.965079365 121.599 24.2
49.389569161 141.346 24.3
49.814058957 141.346 24.4
50.351020408 111.74 25.1
51.012789116 90.6661 25.2
51.456870748 135.11 25.3
51.922721088 128.797 25.4
52.401632653 125.284 26.1
52.876190476 126.433 26.2
53.315918367 136.448 26.3
53.794829932 125.284 26.4
54.556734694 78.75 27.1
55.379591837 72.9167 27.2
55.849795918 127.604 27.3
56.289523810 136.448 27.4
56.742312925 132.512 28.1
57.247346939 118.804 28.2
57.704489796 131.25 28.3
58.135510204 139.205 28.4
58.675374150 111.139 29.1
59.271836735 100.593 29.2
59.707210884 137.813 29.3
60.160000000 132.512 29.4
60.621496599 130.012 30.1
61.074285714 132.512 30.2
61.514013605 136.448 30.3
61.988571429 126.433 30.4
62.606802721 97.0511 31.1
63.638639456 58.1487 31.2
64.091428571 132.512 31.3
64.561632653 127.604 31.4
65.001360544 136.448 32.1
65.471564626 127.604 32.2
65.893877551 142.075 32.3
66.359727891 128.797 32.4
67.030204082 89.4886 33.1
67.859002268 72.394 33.2
68.288435374 139.719 33.3
68.738321995 133.367 33.4
69.207074830 127.999 34.1
69.725170068 115.809 34.2
70.156190476 139.205 34.3
70.626394558 127.604 34.4
71.205442177 103.618 35.1
71.989115646 76.5625 35.2
72.424489796 137.813 35.3
72.903401361 125.284 35.4
73.460680272 107.666 36.1
74.091972789 95.0431 36.2
74.527346939 137.813 36.3
74.975782313 133.799 36.4
75.585306122 98.4375 37.1
76.338503401 79.6604 37.2
76.795646259 131.25 37.3
77.226666667 139.205 37.4
77.709931973 124.155 38.1
78.288979592 103.618 38.2
78.724353741 137.813 38.3
79.216326531 121.958 38.4
79.973877551 79.2026 39.1
80.661768707 87.2231 39.2
81.118911565 131.25 39.3
81.562993197 135.11 39.4
82.037551020 126.433 40.1
82.494693878 131.25 40.2
82.973605442 125.284 40.3
83.448163265 126.433 40.4
84.048299320 99.9773 41.1
84.741224490 86.5894 41.2
85.159183673 143.555 41.3
85.603265306 135.11 41.4
86.173605442 105.2 42.1
86.761360544 102.083 42.2
87.201088435 136.448 42.3
87.671292517 127.604 42.4
88.328707483 91.2666 43.1
89.108027211 76.9902 43.2
89.569523810 130.012 43.3
90.017959184 133.799 43.4
90.466394558 133.799 44.1
90.949659864 124.155 44.2
91.398095238 133.799 44.3
91.964081633 106.01 44.4
92.908843537 63.5081 45.1
93.644625850 81.5459 45.2
94.140952381 120.888 45.3
94.606802721 128.797 45.4
95.203265306 100.593 46.1
95.830204082 95.7031 46.2
96.278639456 133.799 46.3
96.762244898 124.068 46.4
97.297414966 112.114 47.1
97.906938776 98.4375 47.2
98.351020408 135.11 47.3
98.812517007 130.012 47.4
99.368503401 107.916 48.1
99.988027211 96.8486 48.2
100.440816327 132.512 48.3
100.989387755 109.375 48.4
102.177959184 50.4808 49.1
103.318639456 52.6002 49.2
104.672653061 44.3127 49.3
106.083265306 42.5347 49.4
106.623129252 111.139 50.1
107.254421769 95.0431 50.2
107.696349206 135.769 50.3
108.099047619 148.995 50.4
108.517006803 143.555 51.1
108.939319728 142.075 51.2
109.352925170 145.066 51.3
109.775238095 142.075 51.4
110.545850340 77.8602 52.1
111.616870748 56.0213 52.2
112.100136054 124.155 52.3
112.592108844 121.958 52.4
113.097142857 118.804 53.1
113.610884354 116.79 53.2
114.081088435 127.604 53.3
114.546938776 128.797 53.4
115.056326531 117.788 54.1
115.796462585 81.0662 54.2
116.288435374 121.958 54.3
116.764489796 126.036 54.4
117.272380952 118.136 55.1
117.825306122 108.514 55.2
118.282448980 131.25 55.3
118.787482993 118.804 55.4
119.727891156 63.8021 56.1
121.704489796 30.3552 56.2
122.318367347 97.7394 56.3
122.718911565 149.796 56.4
123.345850340 95.7031 57.1
124.342857143 60.1801 57.2
124.776258503 138.44 57.3
125.183129252 147.467 57.4
125.744761905 106.831 58.1
126.336870748 101.333 58.2
126.741768707 148.185 58.3
127.251587302 117.689 58.4
127.934693878 87.834 59.1
129.558639456 36.9471 59.2
131.060680272 39.9457 59.3
131.453537415 152.727 59.4
131.818231293 164.522 60.1
133.725170068 31.464 60.2
134.334693878 98.4375 60.3
136.244104308 31.4233 60.4
137.482902494 48.434 61.1
139.302312925 32.9777 61.2
140.477959184 51.0358 61.3
141.543424036 56.3134 61.4
143.598004535 29.203 62.1
144.770612245 51.168 62.2
145.322086168 108.799 62.3
145.815510204 121.599 62.4
146.442448980 95.7031 63.1
147.100045351 91.2414 63.2
147.624897959 114.318 63.3
148.167414966 110.596 63.4
149.072108844 66.3208 64.1
149.867392290 75.4448 64.2
150.325986395 130.835 64.3
150.834081633 118.088 64.4
151.359274376 114.244 65.1
151.974603175 97.5088 65.2
152.474195011 120.098 65.3
152.967256236 121.689 65.4
153.820589569 70.3125 66.1
154.871292517 57.1046 66.2
155.347619048 125.964 66.3
155.817505669 127.69 66.4
156.281904762 129.199 67.1
156.758140590 125.988 67.2
157.199092971 136.069 67.3
157.692018141 121.722 67.4
158.377505669 87.5289 68.1
159.172789116 75.4448 68.2
159.764897959 101.333 68.3
160.252517007 123.047 68.4
160.705306122 132.512 69.1
161.145102041 136.427 69.2
161.593469388 133.819 69.3
162.121723356 113.582 69.4
163.178231293 56.7909 70.1
164.855260771 35.7775 70.2
165.327324263 127.102 70.3
165.964625850 94.1469 70.4
166.440634921 126.048 71.1
167.084988662 93.1166 71.2
167.570680272 123.535 71.3
168.031201814 130.287 71.4
168.582675737 108.799 72.1
169.124217687 110.795 72.2
169.580453515 131.511 72.3
170.065532880 123.691 72.4
170.549138322 124.068 73.1
171.044875283 121.032 73.2
171.517369615 126.986 73.3
171.997120181 125.065 73.4
172.686802721 86.9966 74.1
173.476281179 75.9995 74.2
174.026780045 108.992 74.3
174.497959184 127.34 74.4
174.991383220 121.599 75.1
175.484195011 121.75 75.2
175.942448980 130.932 75.3
176.413605442 127.346 75.4
177.198299320 76.4629 76.1
178.150975057 62.9805 76.2
178.839886621 87.0939 76.3
179.783492063 63.5859 76.4
180.203968254 142.695 77.1
180.885260771 88.0679 77.2
181.323718821 136.843 77.3
181.918412698 100.892 77.4
182.864399093 63.4259 78.1
183.713219955 70.6863 78.2
184.285170068 104.904 78.3
184.743764172 130.835 78.4
185.201700680 131.023 79.1
185.707392290 118.649 79.2
186.171383220 129.313 79.3
186.700045351 113.494 79.4
187.820408163 53.5541 80.1
188.945306122 53.3382 80.2
190.993469388 29.2945 80.3
191.800952381 74.305 80.4
192.238888889 137.006 81.1
192.779501134 110.985 81.2
193.850907029 56.0012 81.3
195.593287982 34.4356 81.4
198.408390023 21.3136 82.1
199.494829932 55.2262 82.2
199.999455782 118.9 82.3
200.512426304 116.966 82.4
200.988639456 125.994 83.1
201.495170068 118.453 83.2
201.921020408 140.895 83.3
202.414149660 121.672 83.4
202.918027211 119.077 84.1
203.483015873 106.197 84.2
203.942766440 130.506 84.3
204.421882086 125.231 84.4
204.875374150 132.307 85.1
205.405646259 113.149 85.2
205.837392290 138.971 85.3
206.295827664 130.88 85.4
206.809433107 116.821 86.1
207.481904762 89.2231 86.2
207.915102041 138.505 86.3
208.410702948 121.065 86.4
208.869297052 130.835 87.1
209.473174603 99.3579 87.2
209.896780045 141.641 87.3
210.391337868 121.32 87.4
211.371247166 61.2302 88.1
212.772131519 42.8301 88.2
214.192471655 42.2434 88.3
214.738140590 109.957 88.4
215.200340136 129.814 89.1
215.673106576 126.913 89.2
216.120702948 134.049 89.3
216.624761905 119.034 89.4
217.303945578 88.3413 90.1
218.897142857 37.6601 90.2
219.706371882 74.1446 90.3
220.202494331 120.938 90.4
221.106122449 66.399 91.1
222.115056689 59.4687 91.2
223.237074830 53.4751 91.3
224.131632653 67.0722 91.4