2.586122449 1.1
3.635374150 1.2
4.118639456 1.3
4.610612245 1.4
5.080816327 2.1
5.616326531 2.2
6.082176871 2.3
6.543673469 2.4
7.040000000 3.1
7.684353741 3.2
8.150204082 3.3
8.620408163 3.4
9.086258503 4.1
9.665306122 4.2
10.118095238 4.3
10.553469388 4.4
11.080272109 5.1
11.676734694 5.2
12.107755102 5.3
12.582312925 5.4
13.030748299 6.1
13.570612245 6.2
14.049523810 6.3
14.489251701 6.4
14.981224490 7.1
15.547210884 7.2
15.991292517 7.3
16.474557823 7.4
16.931700680 8.1
17.436734694 8.2
17.893877551 8.3
18.346666667 8.4
18.895238095 9.1
19.570068027 9.2
20.062040816 9.3
20.493061224 9.4
20.945850340 10.1
21.494421769 10.2
21.925442177 10.3
22.386938776 10.4
22.896326531 11.1
23.527619048 11.2
23.976054422 11.3
24.433197279 11.4
24.885986395 12.1
25.395374150 12.2
25.835102041 12.3
26.283537415 12.4
26.736326531 13.1
27.215238095 13.2
27.663673469 13.3
28.129523810 13.4
28.595374150 14.1
29.178775510 14.2
29.627210884 14.3
30.123537415 14.4
30.741768707 15.1
31.373061224 15.2
31.851972789 15.3
32.296054422 15.4
32.788027211 16.1
33.345306122 16.2
33.776326531 16.3
34.229115646 16.4
34.729795918 17.1
35.239183673 17.2
35.696326531 17.3
36.149115646 17.4
36.658503401 18.1
37.285442177 18.2
37.729523810 18.3
38.182312925 18.4
38.817959184 19.1
39.558095238 19.2
39.997823129 19.3
40.463673469 19.4
40.955646259 20.1
41.473741497 20.2
41.909115646 20.3
42.335782313 20.4
42.832108844 21.1
43.337868481 21.2
43.780498866 21.3
44.226757370 21.4
44.676643991 22.1
45.159183673 22.2
45.583673469 22.3
46.040816327 22.4
46.541496599 23.1
47.074829932 23.2
47.513832200 23.3
47.970975057 23.4
48.471655329 24.1
48.965079365 24.2
49.389569161 24.3
49.814058957 24.4
50.351020408 25.1
51.012789116 25.2
51.456870748 25.3
51.922721088 25.4
52.401632653 26.1
52.876190476 26.2
53.315918367 26.3
53.794829932 26.4
54.556734694 27.1
55.379591837 27.2
55.849795918 27.3
56.289523810 27.4
56.742312925 28.1
57.247346939 28.2
57.704489796 28.3
58.135510204 28.4
58.675374150 29.1
59.271836735 29.2
59.707210884 29.3
60.160000000 29.4
60.621496599 30.1
61.074285714 30.2
61.514013605 30.3
61.988571429 30.4
62.606802721 31.1
63.638639456 31.2
64.091428571 31.3
64.561632653 31.4
65.001360544 32.1
65.471564626 32.2
65.893877551 32.3
66.359727891 32.4
67.030204082 33.1
67.859002268 33.2
68.288435374 33.3
68.738321995 33.4
69.207074830 34.1
69.725170068 34.2
70.156190476 34.3
70.626394558 34.4
71.205442177 35.1
71.989115646 35.2
72.424489796 35.3
72.903401361 35.4
73.460680272 36.1
74.091972789 36.2
74.527346939 36.3
74.975782313 36.4
75.585306122 37.1
76.338503401 37.2
76.795646259 37.3
77.226666667 37.4
77.709931973 38.1
78.288979592 38.2
78.724353741 38.3
79.216326531 38.4
79.973877551 39.1
80.661768707 39.2
81.118911565 39.3
81.562993197 39.4
82.037551020 40.1
82.494693878 40.2
82.973605442 40.3
83.448163265 40.4
84.048299320 41.1
84.741224490 41.2
85.159183673 41.3
85.603265306 41.4
86.173605442 42.1
86.761360544 42.2
87.201088435 42.3
87.671292517 42.4
88.328707483 43.1
89.108027211 43.2
89.569523810 43.3
90.017959184 43.4
90.466394558 44.1
90.949659864 44.2
91.398095238 44.3
91.964081633 44.4
92.908843537 45.1
93.644625850 45.2
94.140952381 45.3
94.606802721 45.4
95.203265306 46.1
95.830204082 46.2
96.278639456 46.3
96.762244898 46.4
97.297414966 47.1
97.906938776 47.2
98.351020408 47.3
98.812517007 47.4
99.368503401 48.1
99.988027211 48.2
100.440816327 48.3
100.989387755 48.4
102.177959184 49.1
103.318639456 49.2
104.672653061 49.3
106.083265306 49.4
106.623129252 50.1
107.254421769 50.2
107.696349206 50.3
108.099047619 50.4
108.517006803 51.1
108.939319728 51.2
109.352925170 51.3
109.775238095 51.4
110.545850340 52.1
111.616870748 52.2
112.100136054 52.3
112.592108844 52.4
113.097142857 53.1
113.610884354 53.2
114.081088435 53.3
114.546938776 53.4
115.056326531 54.1
115.796462585 54.2
116.288435374 54.3
116.764489796 54.4
117.272380952 55.1
117.825306122 55.2
118.282448980 55.3
118.787482993 55.4
119.727891156 56.1
121.704489796 56.2
122.318367347 56.3
122.718911565 56.4
123.345850340 57.1
124.342857143 57.2
124.776258503 57.3
125.183129252 57.4
125.744761905 58.1
126.336870748 58.2
126.741768707 58.3
127.251587302 58.4
127.934693878 59.1
129.558639456 59.2
131.060680272 59.3
131.453537415 59.4
131.818231293 60.1
133.725170068 60.2
134.334693878 60.3
136.244104308 60.4
137.482902494 61.1
139.302312925 61.2
140.477959184 61.3
141.543424036 61.4
143.598004535 62.1
144.770612245 62.2
145.322086168 62.3
145.815510204 62.4
146.442448980 63.1
147.100045351 63.2
147.624897959 63.3
148.167414966 63.4
149.072108844 64.1
149.867392290 64.2
150.325986395 64.3
150.834081633 64.4
151.359274376 65.1
151.974603175 65.2
152.474195011 65.3
152.967256236 65.4
153.820589569 66.1
154.871292517 66.2
155.347619048 66.3
155.817505669 66.4
156.281904762 67.1
156.758140590 67.2
157.199092971 67.3
157.692018141 67.4
158.377505669 68.1
159.172789116 68.2
159.764897959 68.3
160.252517007 68.4
160.705306122 69.1
161.145102041 69.2
161.593469388 69.3
162.121723356 69.4
163.178231293 70.1
164.855260771 70.2
165.327324263 70.3
165.964625850 70.4
166.440634921 71.1
167.084988662 71.2
167.570680272 71.3
168.031201814 71.4
168.582675737 72.1
169.124217687 72.2
169.580453515 72.3
170.065532880 72.4
170.549138322 73.1
171.044875283 73.2
171.517369615 73.3
171.997120181 73.4
172.686802721 74.1
173.476281179 74.2
174.026780045 74.3
174.497959184 74.4
174.991383220 75.1
175.484195011 75.2
175.942448980 75.3
176.413605442 75.4
177.198299320 76.1
178.150975057 76.2
178.839886621 76.3
179.783492063 76.4
180.203968254 77.1
180.885260771 77.2
181.323718821 77.3
181.918412698 77.4
182.864399093 78.1
183.713219955 78.2
184.285170068 78.3
184.743764172 78.4
185.201700680 79.1
185.707392290 79.2
186.171383220 79.3
186.700045351 79.4
187.820408163 80.1
188.945306122 80.2
190.993469388 80.3
191.800952381 80.4
192.238888889 81.1
192.779501134 81.2
193.850907029 81.3
195.593287982 81.4
198.408390023 82.1
199.494829932 82.2
199.999455782 82.3
200.512426304 82.4
200.988639456 83.1
201.495170068 83.2
201.921020408 83.3
202.414149660 83.4
202.918027211 84.1
203.483015873 84.2
203.942766440 84.3
204.421882086 84.4
204.875374150 85.1
205.405646259 85.2
205.837392290 85.3
206.295827664 85.4
206.809433107 86.1
207.481904762 86.2
207.915102041 86.3
208.410702948 86.4
208.869297052 87.1
209.473174603 87.2
209.896780045 87.3
210.391337868 87.4
211.371247166 88.1
212.772131519 88.2
214.192471655 88.3
214.738140590 88.4
215.200340136 89.1
215.673106576 89.2
216.120702948 89.3
216.624761905 89.4
217.303945578 90.1
218.897142857 90.2
219.706371882 90.3
220.202494331 90.4
221.106122449 91.1
222.115056689 91.2
223.237074830 91.3
224.131632653 91.4