###data-type:		Global Beat Dynamics (0.2x2 smoothing; 100 ms delay)
###extraction-date:	Mon Jul 11 05:14:57 PDT 2022
2.162	63.2	0 1
5.352	67.8	18.8084 2
7.808	69.1	24.43 3
10.208	72.9	25 4
12.624	67.1	24.8344 5
15.048	70.3	24.7525 6
17.384	67.8	25.6849 7
19.728	73.4	25.5973 8
21.999	65.6	26.424 9
24.565	74.6	23.3766 10
26.908	70.9	25.6118 11
29.307	70.6	25.0139 12
31.575	73.1	26.455 13
33.936	71.5	25.4094 14
36.307	67.4	25.3093 15
38.813	72.1	23.9425 16
41.076	73.8	26.5096 17
43.419	73.9	25.6118 18
45.715	66.7	26.1324 19
48.342	71.5	22.8368 20
50.671	74.7	25.7658 21
53.037	71.7	25.3593 22
55.351	69.4	25.9217 23
57.685	72.5	25.7143 24
60.023	75.8	25.663 25
62.384	75.3	25.4094 26
64.638	72.9	26.6193 27
67.032	75.3	25.0627 28
69.183	69.6	27.8897 29
71.358	70.7	27.5904 30
73.575	74.3	27.0677 31
75.899	80.5	25.8176 32
78.185	71.7	26.2391 33
80.603	71.0	24.8207 34
82.838	73.4	26.8416 35
85.26	68.3	24.7729 36
87.607	69.7	25.5609 37
89.936	71.5	25.7658 38
92.414	66.8	24.2131 39
94.911	70.6	24.032 40
97.034	72.2	28.2575 41
99.344	72.5	25.974 42
101.575	72.3	26.8978 43
103.81	70.0	26.8416 44
106.274	76.5	24.3506 45
108.948	80.3	22.4383 46
111.202	74.0	26.6193 47
113.451	73.5	26.6746 48
116.237	70.5	21.5363 49
119.643	67.8	17.6177 50
121.362	64.8	34.904 51
123.51	70.2	27.933 52
126.039	74.3	23.7248 53
128.364	69.7	25.8065 54
130.68	74.3	25.9067 55
132.987	73.6	26.0078 56
135.602	68.7	22.9475 57
137.67	71.9	29.0089 58
140.022	72.2	25.5102 59
142.765	73.1	21.8739 60
146.02	71.6	18.4332 61
150.472	67.7	13.4771 62
153.536	71.8	19.5822 63
155.836	75.8	26.087 64
158.276	70.8	24.5902 65
160.532	71.2	26.5957 66
163.212	70.9	22.3881 67
165.572	78.1	25.4237 68
168.004	66.3	24.6711 69
170.44	69.2	24.6305 70
172.453	69.5	29.8087 71
174.367	71.9	31.3435 72
176.252	74.9	31.825 73
178.26	62.9	29.8898 74
180.616	71.0	25.4646 75
182.681	74.5	29.051 76
185.208	68.9	23.7467 77
187.28	79.7	28.9575 78
189.612	73.9	25.729 79
191.624	72.9	29.8211 80
194.564	72.4	20.4082 81
198.412	70.2	15.5925 82
201.448	74.4	19.7628 83
203.844	72.2	25.0417 84
206.156	74.5	25.9516 85
208.532	70.2	25.2525 86
210.916	70.8	25.1678 87
213.4	73.4	24.1546 88
215.93	69.7	23.7121 89
218.224	71.6	26.1592 90
221.343	70.9	19.2349 91
