2.161937500 0 1
5.352000000 18.8084 2
7.808000000 24.43 3
10.208000000 25 4
12.624000000 24.8344 5
15.048000000 24.7525 6
17.384000000 25.6849 7
19.728000000 25.5973 8
21.998666667 26.424 9
24.565333333 23.3766 10
26.908000000 25.6118 11
29.306666667 25.0139 12
31.574666667 26.455 13
33.936000000 25.4094 14
36.306666667 25.3093 15
38.812666667 23.9425 16
41.076000000 26.5096 17
43.418666667 25.6118 18
45.714666667 26.1324 19
48.342000000 22.8368 20
50.670666667 25.7658 21
53.036666667 25.3593 22
55.351333333 25.9217 23
57.684666667 25.7143 24
60.022666667 25.663 25
62.384000000 25.4094 26
64.638000000 26.6193 27
67.032000000 25.0627 28
69.183333333 27.8897 29
71.358000000 27.5904 30
73.574666667 27.0677 31
75.898666667 25.8176 32
78.185333333 26.2391 33
80.602666667 24.8207 34
82.838000000 26.8416 35
85.260000000 24.7729 36
87.607333333 25.5609 37
89.936000000 25.7658 38
92.414000000 24.2131 39
94.910666667 24.032 40
97.034000000 28.2575 41
99.344000000 25.974 42
101.574666667 26.8978 43
103.810000000 26.8416 44
106.274000000 24.3506 45
108.948000000 22.4383 46
111.202000000 26.6193 47
113.451333333 26.6746 48
116.237333333 21.5363 49
119.643000000 17.6177 50
121.362000000 34.904 51
123.510000000 27.933 52
126.039000000 23.7248 53
128.364000000 25.8065 54
130.680000000 25.9067 55
132.987000000 26.0078 56
135.601666667 22.9475 57
137.670000000 29.0089 58
140.022000000 25.5102 59
142.765000000 21.8739 60
146.020000000 18.4332 61
150.472000000 13.4771 62
153.536000000 19.5822 63
155.836000000 26.087 64
158.276000000 24.5902 65
160.532000000 26.5957 66
163.212000000 22.3881 67
165.572000000 25.4237 68
168.004000000 24.6711 69
170.440000000 24.6305 70
172.452833333 29.8087 71
174.367104167 31.3435 72
176.252416667 31.825 73
178.259791667 29.8898 74
180.616000000 25.4646 75
182.681333333 29.051 76
185.208000000 23.7467 77
187.280000000 28.9575 78
189.612000000 25.729 79
191.624000000 29.8211 80
194.564000000 20.4082 81
198.412000000 15.5925 82
201.448000000 19.7628 83
203.844000000 25.0417 84
206.156000000 25.9516 85
208.532000000 25.2525 86
210.916000000 25.1678 87
213.400000000 24.1546 88
215.930354167 23.7121 89
218.224000000 26.1592 90
221.343333333 19.2349 91