2.161937500 1
5.352000000 2
7.808000000 3
10.208000000 4
12.624000000 5
15.048000000 6
17.384000000 7
19.728000000 8
21.998666667 9
24.565333333 10
26.908000000 11
29.306666667 12
31.574666667 13
33.936000000 14
36.306666667 15
38.812666667 16
41.076000000 17
43.418666667 18
45.714666667 19
48.342000000 20
50.670666667 21
53.036666667 22
55.351333333 23
57.684666667 24
60.022666667 25
62.384000000 26
64.638000000 27
67.032000000 28
69.183333333 29
71.358000000 30
73.574666667 31
75.898666667 32
78.185333333 33
80.602666667 34
82.838000000 35
85.260000000 36
87.607333333 37
89.936000000 38
92.414000000 39
94.910666667 40
97.034000000 41
99.344000000 42
101.574666667 43
103.810000000 44
106.274000000 45
108.948000000 46
111.202000000 47
113.451333333 48
116.237333333 49
119.643000000 50
121.362000000 51
123.510000000 52
126.039000000 53
128.364000000 54
130.680000000 55
132.987000000 56
135.601666667 57
137.670000000 58
140.022000000 59
142.765000000 60
146.020000000 61
150.472000000 62
153.536000000 63
155.836000000 64
158.276000000 65
160.532000000 66
163.212000000 67
165.572000000 68
168.004000000 69
170.440000000 70
172.452833333 71
174.367104167 72
176.252416667 73
178.259791667 74
180.616000000 75
182.681333333 76
185.208000000 77
187.280000000 78
189.612000000 79
191.624000000 80
194.564000000 81
198.412000000 82
201.448000000 83
203.844000000 84
206.156000000 85
208.532000000 86
210.916000000 87
213.400000000 88
215.930354167 89
218.224000000 90
221.343333333 91