2.161937500 3.19006 1
5.352000000 2.456 2
7.808000000 2.4 3
10.208000000 2.416 4
12.624000000 2.424 5
15.048000000 2.336 6
17.384000000 2.344 7
19.728000000 2.27067 8
21.998666667 2.56667 9
24.565333333 2.34267 10
26.908000000 2.39867 11
29.306666667 2.268 12
31.574666667 2.36133 13
33.936000000 2.37067 14
36.306666667 2.506 15
38.812666667 2.26333 16
41.076000000 2.34267 17
43.418666667 2.296 18
45.714666667 2.62733 19
48.342000000 2.32867 20
50.670666667 2.366 21
53.036666667 2.31467 22
55.351333333 2.33333 23
57.684666667 2.338 24
60.022666667 2.36133 25
62.384000000 2.254 26
64.638000000 2.394 27
67.032000000 2.15133 28
69.183333333 2.17467 29
71.358000000 2.21667 30
73.574666667 2.324 31
75.898666667 2.28667 32
78.185333333 2.41733 33
80.602666667 2.23533 34
82.838000000 2.422 35
85.260000000 2.34733 36
87.607333333 2.32867 37
89.936000000 2.478 38
92.414000000 2.49667 39
94.910666667 2.12333 40
97.034000000 2.31 41
99.344000000 2.23067 42
101.574666667 2.23533 43
103.810000000 2.464 44
106.274000000 2.674 45
108.948000000 2.254 46
111.202000000 2.24933 47
113.451333333 2.786 48
116.237333333 3.40567 49
119.643000000 1.719 50
121.362000000 2.148 51
123.510000000 2.529 52
126.039000000 2.325 53
128.364000000 2.316 54
130.680000000 2.307 55
132.987000000 2.61467 56
135.601666667 2.06833 57
137.670000000 2.352 58
140.022000000 2.743 59
142.765000000 3.255 60
146.020000000 4.452 61
150.472000000 3.064 62
153.536000000 2.3 63
155.836000000 2.44 64
158.276000000 2.256 65
160.532000000 2.68 66
163.212000000 2.36 67
165.572000000 2.432 68
168.004000000 2.436 69
170.440000000 2.01283 70
172.452833333 1.91427 71
174.367104167 1.88531 72
176.252416667 2.00738 73
178.259791667 2.35621 74
180.616000000 2.06533 75
182.681333333 2.52667 76
185.208000000 2.072 77
187.280000000 2.332 78
189.612000000 2.012 79
191.624000000 2.94 80
194.564000000 3.848 81
198.412000000 3.036 82
201.448000000 2.396 83
203.844000000 2.312 84
206.156000000 2.376 85
208.532000000 2.384 86
210.916000000 2.484 87
213.400000000 2.53035 88
215.930354167 2.29365 89
218.224000000 3.11933 90
221.343333333 91