2.161937500 0 1.1
3.560666667 42.8961 1.2
4.152000000 101.466 1.3
4.720000000 105.634 1.4
5.352000000 94.9367 2.1
6.024000000 89.2857 2.2
6.576000000 108.696 2.3
7.104000000 113.636 2.4
7.808000000 85.2273 3.1
8.520000000 84.2697 3.2
9.072000000 108.696 3.3
9.624000000 108.696 3.4
10.208000000 102.74 4.1
10.784000000 104.167 4.2
11.344000000 107.143 4.3
11.904000000 107.143 4.4
12.624000000 83.3333 5.1
13.352000000 82.4176 5.2
13.896000000 110.294 5.3
14.448000000 108.696 5.4
15.048000000 100 6.1
15.656000000 98.6842 6.2
16.192000000 111.94 6.3
16.720000000 113.636 6.4
17.384000000 90.3614 7.1
18.104000000 83.3333 7.2
18.664000000 107.143 7.3
19.168000000 119.048 7.4
19.728000000 107.143 8.1
20.276666667 109.356 8.2
20.827333333 108.959 8.3
21.345333333 115.83 8.4
21.998666667 91.8367 9.1
22.857333333 69.8758 9.2
23.431333333 104.53 9.3
23.926000000 121.294 9.4
24.565333333 93.8478 10.1
25.190666667 95.9488 10.2
25.718000000 113.78 10.3
26.287333333 105.386 10.4
26.908000000 96.6702 11.1
27.654666667 80.3571 11.2
28.191333333 111.801 11.3
28.718666667 113.78 11.4
29.306666667 102.041 12.1
29.871333333 106.257 12.2
30.394000000 114.796 12.3
30.902666667 117.955 12.4
31.574666667 89.2857 13.1
32.330666667 79.3651 13.2
32.844000000 116.883 13.3
33.376000000 112.782 13.4
33.936000000 107.143 14.1
34.584666667 92.4974 14.2
35.102666667 115.83 14.3
35.625333333 114.796 14.4
36.306666667 88.0626 15.1
37.174666667 69.1244 15.2
37.734666667 107.143 15.3
38.252666667 115.83 15.4
38.812666667 107.143 16.1
39.382000000 105.386 16.2
39.904666667 114.796 16.3
40.441333333 111.801 16.4
41.076000000 94.5378 17.1
41.794666667 83.4879 17.2
42.308000000 116.883 17.3
42.821333333 116.883 17.4
43.418666667 100.446 18.1
44.025333333 98.9011 18.2
44.543333333 115.83 18.3
45.089333333 109.89 18.4
45.714666667 95.9488 19.1
46.582666667 69.1244 19.2
47.180000000 100.446 19.3
47.712000000 112.782 19.4
48.342000000 95.2381 20.1
48.962666667 96.6702 20.2
49.508666667 109.89 20.3
50.026666667 115.83 20.4
50.670666667 93.1677 21.1
51.398666667 82.4176 21.2
51.921333333 114.796 21.3
52.472000000 108.959 21.4
53.036666667 106.257 22.1
53.596666667 107.143 22.2
54.170666667 104.53 22.3
54.688666667 115.83 22.4
55.351333333 90.5433 23.1
56.023333333 89.2857 23.2
56.550666667 113.78 23.3
57.082666667 112.782 23.4
57.684666667 99.6678 24.1
58.254000000 105.386 24.2
58.772000000 115.83 24.3
59.341333333 105.386 24.4
60.022666667 88.0626 25.1
60.811333333 76.0778 25.2
61.324666667 116.883 25.3
61.870666667 109.89 25.4
62.384000000 116.883 26.1
62.930000000 109.89 26.2
63.429333333 120.16 26.3
63.989333333 107.143 26.4
64.638000000 92.4974 27.1
65.384666667 80.3571 27.2
65.902666667 115.83 27.3
66.444000000 110.837 27.4
67.032000000 102.041 28.1
67.582666667 108.959 28.2
68.068000000 123.626 28.3
68.590666667 114.796 28.4
69.183333333 101.237 29.1
69.799333333 97.4026 29.2
70.317333333 115.83 29.3
70.802666667 123.626 29.4
71.358000000 108.043 30.1
71.894666667 111.801 30.2
72.403333333 117.955 30.3
72.940000000 111.801 30.4
73.574666667 94.5378 31.1
74.298000000 82.9493 31.2
74.825333333 113.78 31.3
75.320000000 121.294 31.4
75.898666667 103.687 32.1
76.482000000 102.857 32.2
77.004666667 114.796 32.3
77.546000000 110.837 32.4
78.185333333 93.8478 33.1
78.969333333 76.5306 33.2
79.487333333 115.83 33.3
80.014666667 113.78 33.4
80.602666667 102.041 34.1
81.148666667 109.89 34.2
81.699333333 108.959 34.3
82.259333333 107.143 34.4
82.838000000 103.687 35.1
83.589333333 79.858 35.2
84.112000000 114.796 35.3
84.658000000 109.89 35.4
85.260000000 99.6678 36.1
85.843333333 102.857 36.2
86.394000000 108.959 36.3
86.968000000 104.53 36.4
87.607333333 93.8478 37.1
88.260666667 91.8367 37.2
88.816000000 108.043 37.3
89.343333333 113.78 37.4
89.936000000 101.237 38.1
90.589333333 91.8367 38.2
91.112000000 114.796 38.3
91.625333333 116.883 38.4
92.414000000 76.0778 39.1
93.174666667 78.8782 39.2
93.716000000 110.837 39.3
94.327333333 98.1461 39.4
94.910666667 102.857 40.1
95.447333333 111.801 40.2
95.984000000 111.801 40.3
96.464666667 124.827 40.4
97.034000000 105.386 41.1
97.752666667 83.4879 41.2
98.270666667 115.83 41.3
98.770000000 120.16 41.4
99.344000000 104.53 42.1
99.974000000 95.2381 42.2
100.482666667 117.955 42.3
101.014666667 112.782 42.4
101.574666667 107.143 43.1
102.246666667 89.2857 43.2
102.746000000 120.16 43.3
103.245333333 120.16 43.4
103.810000000 106.257 44.1
104.463333333 91.8367 44.2
104.986000000 114.796 44.3
105.527333333 110.837 44.4
106.274000000 80.3571 45.1
107.226000000 63.0252 45.2
107.762666667 111.801 45.3
108.308666667 109.89 45.4
108.948000000 93.8478 46.1
109.582666667 94.5378 46.2
110.119333333 111.801 46.3
110.628000000 117.955 46.4
111.202000000 104.53 47.1
111.762000000 107.143 47.2
112.294000000 112.782 47.3
112.840000000 109.89 47.4
113.451333333 98.1461 48.1
114.039333333 102.041 48.2
114.557333333 115.83 48.3
115.131333333 104.53 48.4
116.237333333 54.2495 49.1
117.336312500 54.5961 49.2
118.272166667 64.1126 49.3
119.211000000 63.9091 49.4
119.643000000 138.889 50.1
120.051000000 147.059 50.2
120.510000000 130.719 50.3
120.942000000 138.889 50.4
121.362000000 142.857 51.1
121.806000000 135.135 51.2
122.256000000 133.333 51.3
122.729208333 126.794 51.4
123.510000000 76.8451 52.1
124.392000000 68.0272 52.2
124.926000000 112.36 52.3
125.460000000 112.36 52.4
126.039000000 103.627 53.1
126.618000000 103.627 53.2
127.140000000 114.943 53.3
127.716000000 104.167 53.4
128.364000000 92.5926 54.1
129.072000000 84.7458 54.2
129.567000000 121.212 54.3
130.101000000 112.36 54.4
130.680000000 103.627 55.1
131.220000000 111.111 55.2
131.742000000 114.943 55.3
132.255000000 116.959 55.4
132.987000000 81.9672 56.1
134.238000000 47.9616 56.2
134.694000000 131.579 56.3
135.138000000 135.135 56.4
135.601666667 129.403 57.1
136.296000000 86.4138 57.2
136.731000000 137.931 57.3
137.190000000 130.719 57.4
137.670000000 125 58.1
138.255000000 102.564 58.2
138.678000000 141.844 58.3
139.152000000 126.582 58.4
140.022000000 68.9655 59.1
141.054083333 58.1348 59.2
141.701000000 92.7477 59.3
142.186333333 123.626 59.4
142.765000000 103.687 60.1
143.738000000 61.665 60.2
144.475333333 81.3743 60.3
145.350333333 68.5714 60.4
146.020000000 89.5968 61.1
146.900000000 68.1818 61.2
147.690666667 75.8853 61.3
149.040000000 44.4664 61.4
150.472000000 41.8994 62.1
151.768000000 46.2963 62.2
152.328000000 107.143 62.3
152.868000000 111.111 62.4
153.536000000 89.8204 63.1
154.048000000 117.188 63.2
154.564000000 116.279 63.3
155.120000000 107.914 63.4
155.836000000 83.7989 64.1
156.564000000 82.4176 64.2
157.092000000 113.636 64.3
157.632000000 111.111 64.4
158.276000000 93.1677 65.1
158.868000000 101.351 65.2
159.364000000 120.968 65.3
159.892000000 113.636 65.4
160.532000000 93.75 66.1
161.364000000 72.1154 66.2
161.900000000 111.94 66.3
162.484000000 102.74 66.4
163.212000000 82.4176 67.1
163.800000000 102.041 67.2
164.332000000 112.782 67.3
164.884000000 108.696 67.4
165.572000000 87.2093 68.1
166.340000000 78.125 68.2
166.884000000 110.294 68.3
167.412000000 113.636 68.4
168.004000000 101.351 69.1
168.736000000 81.9672 69.2
169.232000000 120.968 69.3
169.768000000 111.94 69.4
170.440000000 89.2857 70.1
171.020000000 103.448 70.2
171.496000000 126.05 70.3
171.964000000 128.205 70.4
172.452833333 122.741 71.1
172.915958333 129.555 71.2
173.388000000 127.107 71.3
173.860000000 127.119 71.4
174.367104167 118.319 72.1
174.799520833 138.755 72.2
175.284000000 123.844 72.3
175.785166667 119.721 72.4
176.252416667 128.411 73.1
176.755375000 119.294 73.2
177.230979167 126.155 73.3
177.741291667 117.575 73.4
178.259791667 115.718 74.1
179.046000000 76.3157 74.2
179.540666667 121.294 74.3
180.040000000 120.16 74.4
180.616000000 104.167 75.1
181.064000000 133.929 75.2
181.542666667 125.348 75.3
182.051333333 117.955 75.4
182.681333333 95.2381 76.1
183.392000000 84.4278 76.2
183.884000000 121.951 76.3
184.744000000 69.7674 76.4
185.208000000 129.31 77.1
185.684000000 126.05 77.2
186.136000000 132.743 77.3
186.672000000 111.94 77.4
187.280000000 98.6842 78.1
188.068000000 76.1421 78.2
188.556000000 122.951 78.3
189.048000000 121.951 78.4
189.612000000 106.383 79.1
190.088000000 126.05 79.2
190.572000000 123.967 79.3
191.056000000 123.967 79.4
191.624000000 105.634 80.1
192.883333333 47.6443 80.2
193.748000000 69.3909 80.3
194.160000000 145.631 80.4
194.564000000 148.515 81.1
195.068000000 119.048 81.2
195.816000000 80.2139 81.3
196.851916667 57.9197 81.4
198.412000000 38.4595 82.1
199.672000000 47.619 82.2
200.236000000 106.383 82.3
200.788000000 108.696 82.4
201.448000000 90.9091 83.1
202.056000000 98.6842 83.2
202.588000000 112.782 83.3
203.132000000 110.294 83.4
203.844000000 84.2697 84.1
204.528000000 87.7193 84.2
205.052000000 114.504 84.3
205.584000000 112.782 84.4
206.156000000 104.895 85.1
206.744000000 102.041 85.2
207.284000000 111.111 85.3
207.832000000 109.489 85.4
208.532000000 85.7143 86.1
209.200000000 89.8204 86.2
209.768000000 105.634 86.3
210.312000000 110.294 86.4
210.916000000 99.3377 87.1
211.476000000 107.143 87.2
212.028000000 108.696 87.3
212.604000000 104.167 87.4
213.400000000 75.3769 88.1
214.240333333 71.4002 88.2
215.012000000 77.7538 88.3
215.452000000 136.364 88.4
215.930354167 125.43 89.1
216.556000000 95.9009 89.2
217.008000000 132.743 89.3
217.528000000 115.385 89.4
218.224000000 86.2069 90.1
219.116000000 67.2646 90.2
219.763333333 92.688 90.3
220.260000000 120.805 90.4
221.343333333 55.3846 91.1
222.145854167 74.7644 91.2
222.812083333 90.0591 91.3
223.505604167 86.5151 91.4