2.161937500 1.1
3.560666667 1.2
4.152000000 1.3
4.720000000 1.4
5.352000000 2.1
6.024000000 2.2
6.576000000 2.3
7.104000000 2.4
7.808000000 3.1
8.520000000 3.2
9.072000000 3.3
9.624000000 3.4
10.208000000 4.1
10.784000000 4.2
11.344000000 4.3
11.904000000 4.4
12.624000000 5.1
13.352000000 5.2
13.896000000 5.3
14.448000000 5.4
15.048000000 6.1
15.656000000 6.2
16.192000000 6.3
16.720000000 6.4
17.384000000 7.1
18.104000000 7.2
18.664000000 7.3
19.168000000 7.4
19.728000000 8.1
20.276666667 8.2
20.827333333 8.3
21.345333333 8.4
21.998666667 9.1
22.857333333 9.2
23.431333333 9.3
23.926000000 9.4
24.565333333 10.1
25.190666667 10.2
25.718000000 10.3
26.287333333 10.4
26.908000000 11.1
27.654666667 11.2
28.191333333 11.3
28.718666667 11.4
29.306666667 12.1
29.871333333 12.2
30.394000000 12.3
30.902666667 12.4
31.574666667 13.1
32.330666667 13.2
32.844000000 13.3
33.376000000 13.4
33.936000000 14.1
34.584666667 14.2
35.102666667 14.3
35.625333333 14.4
36.306666667 15.1
37.174666667 15.2
37.734666667 15.3
38.252666667 15.4
38.812666667 16.1
39.382000000 16.2
39.904666667 16.3
40.441333333 16.4
41.076000000 17.1
41.794666667 17.2
42.308000000 17.3
42.821333333 17.4
43.418666667 18.1
44.025333333 18.2
44.543333333 18.3
45.089333333 18.4
45.714666667 19.1
46.582666667 19.2
47.180000000 19.3
47.712000000 19.4
48.342000000 20.1
48.962666667 20.2
49.508666667 20.3
50.026666667 20.4
50.670666667 21.1
51.398666667 21.2
51.921333333 21.3
52.472000000 21.4
53.036666667 22.1
53.596666667 22.2
54.170666667 22.3
54.688666667 22.4
55.351333333 23.1
56.023333333 23.2
56.550666667 23.3
57.082666667 23.4
57.684666667 24.1
58.254000000 24.2
58.772000000 24.3
59.341333333 24.4
60.022666667 25.1
60.811333333 25.2
61.324666667 25.3
61.870666667 25.4
62.384000000 26.1
62.930000000 26.2
63.429333333 26.3
63.989333333 26.4
64.638000000 27.1
65.384666667 27.2
65.902666667 27.3
66.444000000 27.4
67.032000000 28.1
67.582666667 28.2
68.068000000 28.3
68.590666667 28.4
69.183333333 29.1
69.799333333 29.2
70.317333333 29.3
70.802666667 29.4
71.358000000 30.1
71.894666667 30.2
72.403333333 30.3
72.940000000 30.4
73.574666667 31.1
74.298000000 31.2
74.825333333 31.3
75.320000000 31.4
75.898666667 32.1
76.482000000 32.2
77.004666667 32.3
77.546000000 32.4
78.185333333 33.1
78.969333333 33.2
79.487333333 33.3
80.014666667 33.4
80.602666667 34.1
81.148666667 34.2
81.699333333 34.3
82.259333333 34.4
82.838000000 35.1
83.589333333 35.2
84.112000000 35.3
84.658000000 35.4
85.260000000 36.1
85.843333333 36.2
86.394000000 36.3
86.968000000 36.4
87.607333333 37.1
88.260666667 37.2
88.816000000 37.3
89.343333333 37.4
89.936000000 38.1
90.589333333 38.2
91.112000000 38.3
91.625333333 38.4
92.414000000 39.1
93.174666667 39.2
93.716000000 39.3
94.327333333 39.4
94.910666667 40.1
95.447333333 40.2
95.984000000 40.3
96.464666667 40.4
97.034000000 41.1
97.752666667 41.2
98.270666667 41.3
98.770000000 41.4
99.344000000 42.1
99.974000000 42.2
100.482666667 42.3
101.014666667 42.4
101.574666667 43.1
102.246666667 43.2
102.746000000 43.3
103.245333333 43.4
103.810000000 44.1
104.463333333 44.2
104.986000000 44.3
105.527333333 44.4
106.274000000 45.1
107.226000000 45.2
107.762666667 45.3
108.308666667 45.4
108.948000000 46.1
109.582666667 46.2
110.119333333 46.3
110.628000000 46.4
111.202000000 47.1
111.762000000 47.2
112.294000000 47.3
112.840000000 47.4
113.451333333 48.1
114.039333333 48.2
114.557333333 48.3
115.131333333 48.4
116.237333333 49.1
117.336312500 49.2
118.272166667 49.3
119.211000000 49.4
119.643000000 50.1
120.051000000 50.2
120.510000000 50.3
120.942000000 50.4
121.362000000 51.1
121.806000000 51.2
122.256000000 51.3
122.729208333 51.4
123.510000000 52.1
124.392000000 52.2
124.926000000 52.3
125.460000000 52.4
126.039000000 53.1
126.618000000 53.2
127.140000000 53.3
127.716000000 53.4
128.364000000 54.1
129.072000000 54.2
129.567000000 54.3
130.101000000 54.4
130.680000000 55.1
131.220000000 55.2
131.742000000 55.3
132.255000000 55.4
132.987000000 56.1
134.238000000 56.2
134.694000000 56.3
135.138000000 56.4
135.601666667 57.1
136.296000000 57.2
136.731000000 57.3
137.190000000 57.4
137.670000000 58.1
138.255000000 58.2
138.678000000 58.3
139.152000000 58.4
140.022000000 59.1
141.054083333 59.2
141.701000000 59.3
142.186333333 59.4
142.765000000 60.1
143.738000000 60.2
144.475333333 60.3
145.350333333 60.4
146.020000000 61.1
146.900000000 61.2
147.690666667 61.3
149.040000000 61.4
150.472000000 62.1
151.768000000 62.2
152.328000000 62.3
152.868000000 62.4
153.536000000 63.1
154.048000000 63.2
154.564000000 63.3
155.120000000 63.4
155.836000000 64.1
156.564000000 64.2
157.092000000 64.3
157.632000000 64.4
158.276000000 65.1
158.868000000 65.2
159.364000000 65.3
159.892000000 65.4
160.532000000 66.1
161.364000000 66.2
161.900000000 66.3
162.484000000 66.4
163.212000000 67.1
163.800000000 67.2
164.332000000 67.3
164.884000000 67.4
165.572000000 68.1
166.340000000 68.2
166.884000000 68.3
167.412000000 68.4
168.004000000 69.1
168.736000000 69.2
169.232000000 69.3
169.768000000 69.4
170.440000000 70.1
171.020000000 70.2
171.496000000 70.3
171.964000000 70.4
172.452833333 71.1
172.915958333 71.2
173.388000000 71.3
173.860000000 71.4
174.367104167 72.1
174.799520833 72.2
175.284000000 72.3
175.785166667 72.4
176.252416667 73.1
176.755375000 73.2
177.230979167 73.3
177.741291667 73.4
178.259791667 74.1
179.046000000 74.2
179.540666667 74.3
180.040000000 74.4
180.616000000 75.1
181.064000000 75.2
181.542666667 75.3
182.051333333 75.4
182.681333333 76.1
183.392000000 76.2
183.884000000 76.3
184.744000000 76.4
185.208000000 77.1
185.684000000 77.2
186.136000000 77.3
186.672000000 77.4
187.280000000 78.1
188.068000000 78.2
188.556000000 78.3
189.048000000 78.4
189.612000000 79.1
190.088000000 79.2
190.572000000 79.3
191.056000000 79.4
191.624000000 80.1
192.883333333 80.2
193.748000000 80.3
194.160000000 80.4
194.564000000 81.1
195.068000000 81.2
195.816000000 81.3
196.851916667 81.4
198.412000000 82.1
199.672000000 82.2
200.236000000 82.3
200.788000000 82.4
201.448000000 83.1
202.056000000 83.2
202.588000000 83.3
203.132000000 83.4
203.844000000 84.1
204.528000000 84.2
205.052000000 84.3
205.584000000 84.4
206.156000000 85.1
206.744000000 85.2
207.284000000 85.3
207.832000000 85.4
208.532000000 86.1
209.200000000 86.2
209.768000000 86.3
210.312000000 86.4
210.916000000 87.1
211.476000000 87.2
212.028000000 87.3
212.604000000 87.4
213.400000000 88.1
214.240333333 88.2
215.012000000 88.3
215.452000000 88.4
215.930354167 89.1
216.556000000 89.2
217.008000000 89.3
217.528000000 89.4
218.224000000 90.1
219.116000000 90.2
219.763333333 90.3
220.260000000 90.4
221.343333333 91.1
222.145854167 91.2
222.812083333 91.3
223.505604167 91.4