###data-type:		Global Beat Dynamics (0.2x2 smoothing; 100 ms delay)
###extraction-date:	Mon Jul 11 04:58:30 PDT 2022
2.961	77.1	0 1
6.523	76.9	16.8406 2
9.564	76.0	19.7345 3
12.648	74.9	19.4559 4
15.499	75.3	21.0401 5
18.532	77.0	19.7817 6
21.333	73.7	21.4216 7
24.025	72.9	22.2877 8
26.746	71.4	22.05 9
29.537	73.4	21.5017 10
32.253	76.5	22.0949 11
35.143	75.8	20.7549 12
37.732	79.5	23.1747 13
40.265	75.0	23.6927 14
43.124	73.1	20.9867 15
45.627	78.3	23.9674 16
48.225	74.5	23.0971 17
50.743	72.6	23.8293 18
53.464	74.7	22.05 19
56.065	76.8	23.0713 20
58.659	69.2	23.1229 21
60.829	73.5	27.6547 22
63.183	76.5	25.4835 23
65.654	76.2	24.2824 24
68.361	73.4	22.1682 25
71.046	78.4	22.348 26
73.549	79.6	23.9674 27
76.289	82.0	21.8982 28
78.716	76.0	24.7271 29
81.059	73.3	25.5998 30
83.483	80.3	24.7567 31
86.015	69.9	23.6927 32
88.359	67.8	25.5998 33
90.95	72.5	23.1618 34
93.38	68.1	24.6828 35
96	70.4	22.9051 36
98.529	71.2	23.7218 37
100.972	69.8	24.5635 38
103.38	66.8	24.9216 39
105.854	77.7	24.2479 40
108.002	72.3	27.935 41
110.418	77.1	24.8311 42
112.606	77.4	27.4194 43
114.99	73.1	25.1763 44
117.573	71.4	23.2268 45
120.112	72.8	23.625 46
122.405	76.9	26.1669 47
124.677	78.4	26.4177 48
127.782	79.1	19.3195 49
132.505	68.1	12.7055 50
135.256	71.3	21.8058 51
138.079	76.7	21.2564 52
140.981	78.6	20.6719 53
143.499	77.0	23.8293 54
145.988	78.8	24.1071 55
148.663	76.7	22.4294 56
151.184	76.4	23.8057 57
153.117	72.7	31.033 58
155.312	75.8	27.3302 59
158.854	77.3	16.9442 60
162.38	77.7	17.0139 61
169.52	59.0	8.4032 62
173.402	68.7	15.4556 63
176.112	72.6	22.1445 64
178.605	68.9	24.0677 65
181.087	71.8	24.175 66
183.771	75.0	22.348 67
186.05	75.8	26.3336 68
188.488	77.9	24.6094 69
190.624	75.4	28.0868 70
193.045	76.2	24.7864 71
194.978	77.7	31.0389 72
196.713	75.6	34.5801 73
198.727	65.5	29.7993 74
201.201	77.1	24.2485 75
203.436	81.4	26.8466 76
206.164	72.2	21.9914 77
208.764	73.1	23.0783 78
211.113	81.2	25.5437 79
213.809	75.9	22.2517 80
216.998	75.1	18.8152 81
221.293	72.0	13.9692 82
224.98	78.5	16.2771 83
227.846	76.8	20.9335 84
230.528	76.3	22.3722 85
233.034	78.2	23.9396 86
235.755	79.1	22.05 87
238.73	76.1	20.1677 88
242.634	74.8	15.3694 89
245.065	74.7	24.6828 90
249.684	72.8	12.9889 91
