2.960544218 3.56281 1
6.523356009 3.04036 2
9.563718821 3.0839 3
12.647619048 2.8517 4
15.499319728 3.03311 5
18.532426304 2.80091 6
21.333333333 2.69206 7
24.025396825 2.72109 8
26.746485261 2.79048 9
29.536961451 2.71556 10
32.252517007 2.89088 11
35.143401361 2.58903 12
37.732426304 2.53243 13
40.264852608 2.85896 14
43.123809524 2.5034 15
45.627210884 2.59773 16
48.224943311 2.51791 17
50.742857143 2.72109 18
53.463945578 2.60063 19
56.064580499 2.59483 20
58.659410431 2.16961 21
60.829024943 2.35447 22
63.183492063 2.47093 23
65.654421769 2.70658 24
68.360997732 2.68481 25
71.045804989 2.5034 26
73.549206349 2.73995 27
76.289160998 2.42649 28
78.715646259 2.34376 29
81.059410431 2.42358 30
83.482993197 2.53243 31
86.015419501 2.34376 32
88.359183673 2.59048 33
90.949659864 2.43084 34
93.380498866 2.6195 35
96.000000000 2.52932 36
98.529319728 2.44265 37
100.971972789 2.40755 38
103.379523810 2.47444 39
105.853968254 2.14785 40
108.001814059 2.41633 41
110.418140590 2.18823 42
112.606371882 2.3832 43
114.989569161 2.58322 44
117.572789116 2.53968 45
120.112471655 2.29297 46
122.405442177 2.2712 47
124.676643991 3.10567 48
127.782312925 4.72236 49
132.504671202 2.75156 50
135.256235828 2.82268 51
138.078911565 2.90249 52
140.981405896 2.51791 53
143.499319728 2.48889 54
145.988208617 2.67506 55
148.663265306 2.52041 56
151.183673469 1.93342 57
153.117097506 2.19537 58
155.312471655 3.54104 59
158.853514739 3.52653 60
162.380045351 7.14014 61
169.520181406 3.88209 62
173.402267574 2.70948 63
176.111746032 2.49297 64
178.604716553 2.4819 65
181.086621315 2.68481 66
183.771428571 2.27846 67
186.049886621 2.4381 68
188.487981859 2.13624 69
190.624217687 2.42068 70
193.044897959 1.93306 71
194.977959184 1.7351 72
196.713061224 2.01347 73
198.726530612 2.47438 74
201.200907029 2.23492 75
203.435827664 2.72834 76
206.164172336 2.59984 77
208.764013605 2.34891 78
211.112925170 2.69642 79
213.809342404 3.18891 80
216.998253968 4.29517 81
221.293424036 3.68617 82
224.979591837 2.86621 83
227.845804989 2.6819 84
230.527709751 2.5063 85
233.034013605 2.72109 86
235.755102041 2.97506 87
238.730158730 3.90385 88
242.634013605 2.43084 89
245.064852608 4.61932 90
249.684172336 91