2.960544218 0 1
6.523356009 16.8406 2
9.563718821 19.7345 3
12.647619048 19.4559 4
15.499319728 21.0401 5
18.532426304 19.7817 6
21.333333333 21.4216 7
24.025396825 22.2877 8
26.746485261 22.05 9
29.536961451 21.5017 10
32.252517007 22.0949 11
35.143401361 20.7549 12
37.732426304 23.1747 13
40.264852608 23.6927 14
43.123809524 20.9867 15
45.627210884 23.9674 16
48.224943311 23.0971 17
50.742857143 23.8293 18
53.463945578 22.05 19
56.064580499 23.0713 20
58.659410431 23.1229 21
60.829024943 27.6547 22
63.183492063 25.4835 23
65.654421769 24.2824 24
68.360997732 22.1682 25
71.045804989 22.348 26
73.549206349 23.9674 27
76.289160998 21.8982 28
78.715646259 24.7271 29
81.059410431 25.5998 30
83.482993197 24.7567 31
86.015419501 23.6927 32
88.359183673 25.5998 33
90.949659864 23.1618 34
93.380498866 24.6828 35
96.000000000 22.9051 36
98.529319728 23.7218 37
100.971972789 24.5635 38
103.379523810 24.9216 39
105.853968254 24.2479 40
108.001814059 27.935 41
110.418140590 24.8311 42
112.606371882 27.4194 43
114.989569161 25.1763 44
117.572789116 23.2268 45
120.112471655 23.625 46
122.405442177 26.1669 47
124.676643991 26.4177 48
127.782312925 19.3195 49
132.504671202 12.7055 50
135.256235828 21.8058 51
138.078911565 21.2564 52
140.981405896 20.6719 53
143.499319728 23.8293 54
145.988208617 24.1071 55
148.663265306 22.4294 56
151.183673469 23.8057 57
153.117097506 31.033 58
155.312471655 27.3302 59
158.853514739 16.9442 60
162.380045351 17.0139 61
169.520181406 8.4032 62
173.402267574 15.4556 63
176.111746032 22.1445 64
178.604716553 24.0677 65
181.086621315 24.175 66
183.771428571 22.348 67
186.049886621 26.3336 68
188.487981859 24.6094 69
190.624217687 28.0868 70
193.044897959 24.7864 71
194.977959184 31.0389 72
196.713061224 34.5801 73
198.726530612 29.7993 74
201.200907029 24.2485 75
203.435827664 26.8466 76
206.164172336 21.9914 77
208.764013605 23.0783 78
211.112925170 25.5437 79
213.809342404 22.2517 80
216.998253968 18.8152 81
221.293424036 13.9692 82
224.979591837 16.2771 83
227.845804989 20.9335 84
230.527709751 22.3722 85
233.034013605 23.9396 86
235.755102041 22.05 87
238.730158730 20.1677 88
242.634013605 15.3694 89
245.064852608 24.6828 90
249.684172336 12.9889 91