2.960544218 1
6.523356009 2
9.563718821 3
12.647619048 4
15.499319728 5
18.532426304 6
21.333333333 7
24.025396825 8
26.746485261 9
29.536961451 10
32.252517007 11
35.143401361 12
37.732426304 13
40.264852608 14
43.123809524 15
45.627210884 16
48.224943311 17
50.742857143 18
53.463945578 19
56.064580499 20
58.659410431 21
60.829024943 22
63.183492063 23
65.654421769 24
68.360997732 25
71.045804989 26
73.549206349 27
76.289160998 28
78.715646259 29
81.059410431 30
83.482993197 31
86.015419501 32
88.359183673 33
90.949659864 34
93.380498866 35
96.000000000 36
98.529319728 37
100.971972789 38
103.379523810 39
105.853968254 40
108.001814059 41
110.418140590 42
112.606371882 43
114.989569161 44
117.572789116 45
120.112471655 46
122.405442177 47
124.676643991 48
127.782312925 49
132.504671202 50
135.256235828 51
138.078911565 52
140.981405896 53
143.499319728 54
145.988208617 55
148.663265306 56
151.183673469 57
153.117097506 58
155.312471655 59
158.853514739 60
162.380045351 61
169.520181406 62
173.402267574 63
176.111746032 64
178.604716553 65
181.086621315 66
183.771428571 67
186.049886621 68
188.487981859 69
190.624217687 70
193.044897959 71
194.977959184 72
196.713061224 73
198.726530612 74
201.200907029 75
203.435827664 76
206.164172336 77
208.764013605 78
211.112925170 79
213.809342404 80
216.998253968 81
221.293424036 82
224.979591837 83
227.845804989 84
230.527709751 85
233.034013605 86
235.755102041 87
238.730158730 88
242.634013605 89
245.064852608 90
249.684172336 91