###data-type:		Global Beat Dynamics (0.2x2 smoothing; 100 ms delay)
###extraction-date:	Tue May 24 09:54:30 PDT 2022
0.69	66.8	1.1
1.515	72.6	1.2
2.118	74.1	1.3
2.672	72.9	1.4
3.286	72.8	2.1
3.942	70.7	2.2
4.5	71.7	2.3
5.145	71.5	2.4
5.709	71.4	3.1
6.339	70.5	3.2
6.928	70.3	3.3
7.563	74.2	3.4
8.137	71.7	4.1
8.731	72.5	4.2
9.336	72.3	4.3
9.956	73.1	4.4
10.596	70.7	5.1
11.225	74.3	5.2
11.779	74.0	5.3
12.403	71.9	5.4
12.947	71.0	6.1
13.603	74.4	6.2
14.196	71.3	6.3
14.791	70.5	6.4
15.446	70.8	7.1
16.173	78.7	7.2
16.734	78.3	7.3
17.31	72.8	7.4
17.884	68.4	8.1
18.524	78.6	8.2
19.076	71.5	8.3
19.733	72.3	8.4
20.582	68.7	9.1
21.506	70.3	9.2
22.09	70.7	9.3
22.629	73.1	9.4
23.269	70.5	10.1
23.89	70.0	10.2
24.458	68.5	10.3
25.057	73.2	10.4
25.687	76.7	11.1
26.245	76.0	11.2
26.804	73.2	11.3
27.403	76.0	11.4
27.987	71.0	12.1
28.582	74.5	12.2
29.152	74.8	12.3
29.77	74.8	12.4
30.348	71.0	13.1
31.05	74.8	13.2
31.589	77.1	13.3
32.117	74.5	13.4
32.73	77.9	14.1
33.412	75.2	14.2
33.976	75.7	14.3
34.596	75.0	14.4
35.31	68.7	15.1
36.155	70.2	15.2
36.719	75.4	15.3
37.293	80.6	15.4
37.836	74.5	16.1
38.446	74.9	16.2
38.994	76.7	16.3
39.589	79.1	16.4
40.198	74.5	17.1
40.934	74.4	17.2
41.453	74.4	17.3
42.002	71.4	17.4
42.565	75.8	18.1
43.243	71.5	18.2
43.816	71.3	18.3
44.399	76.1	18.4
45.1	71.6	19.1
45.831	75.6	19.2
46.42	72.3	19.3
46.999	72.1	19.4
47.578	75.0	20.1
48.198	74.3	20.2
48.8	70.9	20.3
49.402	72.6	20.4
49.94	79.0	21.1
50.601	75.5	21.2
51.196	73.7	21.3
51.779	73.2	21.4
52.353	75.3	22.1
52.952	79.8	22.2
53.536	76.8	22.3
54.151	75.0	22.4
54.73	70.8	23.1
55.375	81.4	23.2
55.951	80.5	23.3
56.574	77.8	23.4
57.133	74.6	24.1
57.717	79.8	24.2
58.296	78.3	24.3
58.971	75.0	24.4
59.601	78.2	25.1
60.287	73.1	25.2
60.83	75.9	25.3
61.425	81.2	25.4
61.973	76.5	26.1
62.598	77.3	26.2
63.177	77.6	26.3
63.816	83.6	26.4
64.452	77.8	27.1
65.331	77.4	27.2
65.89	74.7	27.3
66.509	76.2	27.4
67.098	75.3	28.1
67.749	76.4	28.2
68.307	76.6	28.3
68.907	77.2	28.4
69.486	72.9	29.1
70.1	77.5	29.2
70.659	75.4	29.3
71.223	77.0	29.4
71.797	71.5	30.1
72.34	74.0	30.2
72.919	74.1	30.3
73.575	72.4	30.4
74.24	66.0	31.1
75.042	72.2	31.2
75.556	74.0	31.3
76.074	74.7	31.4
76.69	80.7	32.1
77.242	75.0	32.2
77.796	78.0	32.3
78.39	75.7	32.4
79.004	71.1	33.1
79.853	74.2	33.2
80.448	72.7	33.3
80.955	75.3	33.4
81.571	75.6	34.1
82.164	72.3	34.2
82.701	70.7	34.3
83.307	72.1	34.4
83.916	76.1	35.1
84.551	72.6	35.2
85.079	75.8	35.3
85.679	73.9	35.4
86.227	73.8	36.1
86.852	75.7	36.2
87.416	77.1	36.3
88.03	74.4	36.4
88.62	68.4	37.1
89.27	80.5	37.2
89.783	80.6	37.3
90.311	75.6	37.4
90.905	77.6	38.1
91.561	74.0	38.2
92.079	71.4	38.3
92.653	70.7	38.4
93.364	72.8	39.1
94.09	72.2	39.2
94.649	72.3	39.3
95.208	72.3	39.4
95.782	76.0	40.1
96.406	74.0	40.2
96.904	78.7	40.3
97.407	73.1	40.4
97.945	73.6	41.1
98.678	76.6	41.2
99.207	74.3	41.3
99.672	79.1	41.4
100.221	77.8	42.1
100.841	76.5	42.2
101.37	75.9	42.3
101.872	77.1	42.4
102.441	75.5	43.1
103.058	80.1	43.2
103.594	74.8	43.3
104.097	76.8	43.4
104.691	73.1	44.1
105.327	80.1	44.2
105.885	80.0	44.3
106.435	77.4	44.4
107.505	77.9	45.1
108.486	75.2	45.2
109.044	74.1	45.3
109.653	72.3	45.4
110.202	80.0	46.1
110.857	76.6	46.2
111.432	71.8	46.3
112.051	72.0	46.4
112.589	76.5	47.1
113.266	70.4	47.2
113.802	70.5	47.3
114.418	70.0	47.4
115.082	71.2	48.1
115.743	69.1	48.2
116.343	69.5	48.3
116.999	68.3	48.4
118.139	69.5	49.1
120.033	60.7	49.2
121.571	35.8	49.3
122.921	68.4	49.4
123.398	65.4	50.1
124.06	65.1	50.2
124.982	69.5	50.3
125.424	67.1	50.4
125.911	71.9	51.1
126.416	69.1	51.2
126.861	69.4	51.3
127.213	71.1	51.4
127.978	72.2	52.1
128.892	72.6	52.2
129.444	72.5	52.3
130.02	77.5	52.4
130.641	74.3	53.1
131.25	71.0	53.2
131.81	73.2	53.3
132.462	77.4	53.4
133.007	72.1	54.1
133.681	75.0	54.2
134.262	71.6	54.3
134.86	71.5	54.4
135.517	74.8	55.1
136.057	71.8	55.2
136.642	68.4	55.3
137.331	69.7	55.4
138.014	71.8	56.1
139.305	70.8	56.2
139.793	73.2	56.3
140.145	71.5	56.4
140.735	69.1	57.1
141.367	73.2	57.2
141.804	74.7	57.3
142.137	77.4	57.4
142.699	75.5	58.1
143.11	73.8	58.2
143.554	74.1	58.3
143.999	78.0	58.4
144.747	73.0	59.1
146.271	73.6	59.2
147.113	70.6	59.3
147.499	74.0	59.4
148.122	74.4	60.1
149.562	71.6	60.2
150.407	76.2	60.3
151.67	74.2	60.4
152.78	77.2	61.1
154.493	72.4	61.2
155.77	70.5	61.3
157.809	61.7	61.4
160.196	59.9	62.1
161.197	64.9	62.2
161.843	68.9	62.3
162.453	66.3	62.4
163.149	71.7	63.1
163.917	69.5	63.2
164.465	69.4	63.3
165	66.1	63.4
165.689	66.9	64.1
166.575	70.8	64.2
167.091	66.6	64.3
167.672	69.4	64.4
168.258	67.1	65.1
168.887	70.0	65.2
169.422	70.2	65.3
169.985	68.5	65.4
170.739	67.4	66.1
171.499	74.3	66.2
171.995	75.7	66.3
172.498	73.7	66.4
173.083	70.4	67.1
173.732	75.4	67.2
174.242	73.9	67.3
174.777	75.2	67.4
175.412	74.9	68.1
176.24	74.2	68.2
176.75	73.1	68.3
177.233	73.6	68.4
177.821	65.9	69.1
178.467	71.2	69.2
178.977	72.1	69.3
179.548	68.7	69.4
180.434	60.2	70.1
181.384	66.0	70.2
181.878	69.3	70.3
182.327	67.9	70.4
182.723	69.8	71.1
183.118	66.2	71.2
183.549	72.1	71.3
183.922	67.9	71.4
184.43	74.1	72.1
184.945	70.1	72.2
185.358	75.7	72.3
185.767	72.4	72.4
186.158	77.1	73.1
186.543	75.1	73.2
186.965	69.8	73.3
187.495	68.9	73.4
188.059	64.6	74.1
188.774	72.2	74.2
189.293	73.0	74.3
189.76	76.2	74.4
190.273	78.0	75.1
190.808	76.1	75.2
191.243	73.5	75.3
191.821	81.1	75.4
192.477	72.7	76.1
193.281	77.9	76.2
193.923	72.7	76.3
194.567	72.3	76.4
195.04	73.3	77.1
195.592	78.3	77.2
196.046	78.6	77.3
196.516	81.1	77.4
197.26	77.0	78.1
198.038	71.2	78.2
198.567	74.8	78.3
199.027	77.4	78.4
199.543	77.8	79.1
200.099	71.5	79.2
200.599	75.9	79.3
201.148	78.3	79.4
201.871	72.9	80.1
203.788	69.2	80.2
205.031	75.9	80.3
205.486	72.0	80.4
205.897	74.5	81.1
206.393	75.4	81.2
207.229	70.1	81.3
209.162	68.0	81.4
211.839	64.2	82.1
212.793	71.8	82.2
213.41	74.0	82.3
213.972	72.9	82.4
214.603	73.6	83.1
215.211	70.7	83.2
215.78	71.9	83.3
216.424	71.8	83.4
217.003	71.6	84.1
217.637	70.4	84.2
218.199	70.3	84.3
218.852	74.3	84.4
219.427	71.8	85.1
220.036	72.8	85.2
220.615	72.2	85.3
221.254	72.7	85.4
221.845	70.2	86.1
222.501	74.2	86.2
223.039	73.8	86.3
223.666	72.4	86.4
224.274	72.2	87.1
224.872	74.1	87.2
225.435	73.1	87.3
225.998	71.0	87.4
227.144	74.5	88.1
228.389	66.3	88.2
229.623	69.9	88.3
230.106	74.4	88.4
230.511	67.9	89.1
231.347	74.4	89.2
231.922	71.6	89.3
232.581	71.1	89.4
233.539	69.2	90.1
235.445	61.3	90.2
236.421	73.1	90.3
236.898	68.4	90.4
237.902	74.3	91.1
239.203	77.0	91.2
240.385	62.1	91.3
241.789	36.0	91.4
