0.689909297 1.1
1.515102041 1.2
2.118095238 1.3
2.671746032 1.4
3.286349206 2.1
3.941587302 2.2
4.499705215 2.3
5.144829932 2.4
5.709206349 3.1
6.339047619 3.2
6.928253968 3.3
7.563174603 3.4
8.137142857 4.1
8.731428571 4.2
9.335873016 4.3
9.955918367 4.4
10.595555556 5.1
11.225396825 5.2
11.779047619 5.3
12.403265306 5.4
12.947301587 6.1
13.602539683 6.2
14.196122449 6.3
14.791111111 6.4
15.446349206 7.1
16.172698413 7.2
16.733605442 7.3
17.310476190 7.4
17.884444444 8.1
18.524444444 8.2
19.076371882 8.3
19.733333333 8.4
20.581587302 9.1
21.506031746 9.2
22.090158730 9.3
22.628571429 9.4
23.268571429 10.1
23.890068027 10.2
24.457619048 10.3
25.056507937 10.4
25.687142857 11.1
26.245079365 11.2
26.803809524 11.3
27.403174603 11.4
27.987301587 12.1
28.581587302 12.2
29.152471655 12.3
29.770158730 12.4
30.347913832 13.1
31.050158730 13.2
31.588571429 13.3
32.116825397 13.4
32.729863946 14.1
33.412063492 14.2
33.975873016 14.3
34.595555556 14.4
35.309750567 15.1
36.154920635 15.2
36.718730159 15.3
37.292698413 15.4
37.836190476 16.1
38.445714286 16.2
38.994285714 16.3
39.588571429 16.4
40.198095238 17.1
40.933832200 17.2
41.452698413 17.3
42.002312925 17.4
42.565079365 18.1
43.242947846 18.2
43.816009070 18.3
44.398730159 18.4
45.099682540 19.1
45.831111111 19.2
46.420317460 19.3
46.999365079 19.4
47.578412698 20.1
48.198095238 20.2
48.800294785 20.3
49.401904762 20.4
49.940317460 21.1
50.600634921 21.2
51.196439909 21.3
51.779047619 21.4
52.353015873 22.1
52.952380952 22.2
53.536258503 22.3
54.151111111 22.4
54.730158730 23.1
55.375215420 23.2
55.951224490 23.3
56.573968254 23.4
57.132698413 24.1
57.716825397 24.2
58.295873016 24.3
58.971428571 24.4
59.601269841 25.1
60.286984127 25.2
60.830476190 25.3
61.424761905 25.4
61.973333333 26.1
62.598095238 26.2
63.177142857 26.3
63.816213152 26.4
64.452063492 27.1
65.330793651 27.2
65.889523810 27.3
66.509206349 27.4
67.098412698 28.1
67.748571429 28.2
68.307301587 28.3
68.906666667 28.4
69.485714286 29.1
70.100317460 29.2
70.659047619 29.3
71.222857143 29.4
71.796825397 30.1
72.340317460 30.2
72.919365079 30.3
73.574603175 30.4
74.240000000 31.1
75.041768707 31.2
75.555555556 31.3
76.073650794 31.4
76.690476190 32.1
77.241904762 32.2
77.795555556 32.3
78.389841270 32.4
79.004444444 33.1
79.852698413 33.2
80.447959184 33.3
80.954920635 33.4
81.570589569 34.1
82.163809524 34.2
82.701065760 34.3
83.306666667 34.4
83.916190476 35.1
84.551111111 35.2
85.079365079 35.3
85.678730159 35.4
86.227301587 36.1
86.852063492 36.2
87.415873016 36.3
88.030476190 36.4
88.619682540 37.1
89.269841270 37.2
89.782857143 37.3
90.311111111 37.4
90.905396825 38.1
91.560634921 38.2
92.078730159 38.3
92.652698413 38.4
93.363809524 39.1
94.090158730 39.2
94.648888889 39.3
95.207619048 39.4
95.781587302 40.1
96.406349206 40.2
96.904126984 40.3
97.406984127 40.4
97.945396825 41.1
98.678480726 41.2
99.207369615 41.3
99.672380952 41.4
100.220952381 42.1
100.841065760 42.2
101.370249433 42.3
101.871746032 42.4
102.440634921 43.1
103.057981859 43.2
103.593650794 43.3
104.096507937 43.4
104.690793651 44.1
105.326916100 44.2
105.885056689 44.3
106.434716553 44.4
107.504761905 45.1
108.485600907 45.2
109.043809524 45.3
109.653333333 45.4
110.201904762 46.1
110.857142857 46.2
111.431723356 46.3
112.050793651 46.4
112.589206349 47.1
113.266349206 47.2
113.802086168 47.3
114.417777778 47.4
115.081655329 48.1
115.743492063 48.2
116.342857143 48.3
116.998594104 48.4
118.138775510 49.1
120.032653061 49.2
121.570975057 49.3
122.920634921 49.4
123.398095238 50.1
124.059863946 50.2
124.981995465 50.3
125.424036281 50.4
125.910929705 51.1
126.415963719 51.2
126.860770975 51.3
127.212698413 51.4
127.978231293 52.1
128.891791383 52.2
129.443990930 52.3
130.020136054 52.4
130.641269841 53.1
131.250068027 53.2
131.809523810 53.3
132.461859410 53.4
133.006802721 54.1
133.680907029 54.2
134.262131519 54.3
134.860045351 54.4
135.517460317 55.1
136.057324263 55.2
136.642176871 55.3
137.330793651 55.4
138.013605442 56.1
139.305215420 56.2
139.792834467 56.3
140.145487528 56.4
140.734693878 57.1
141.366712018 57.2
141.804263039 57.3
142.137324263 57.4
142.698956916 58.1
143.110385488 58.2
143.554467120 58.3
143.998548753 58.4
144.747392290 59.1
146.271201814 59.2
147.112925170 59.3
147.498956916 59.4
148.121541950 60.1
149.562131519 60.2
150.407256236 60.3
151.669841270 60.4
152.780045351 61.1
154.492517007 61.2
155.769614512 61.3
157.808616780 61.4
160.195918367 62.1
161.197278912 62.2
161.843083900 62.3
162.452607710 62.4
163.149206349 63.1
163.916916100 63.2
164.465487528 63.3
164.999546485 63.4
165.688888889 64.1
166.574875283 64.2
167.090793651 64.3
167.672018141 64.4
168.257596372 65.1
168.886712018 65.2
169.422222222 65.3
169.984580499 65.4
170.739229025 66.1
171.498956916 66.2
171.995283447 66.3
172.498140590 66.4
173.082993197 67.1
173.732426304 67.2
174.241814059 67.3
174.777324263 67.4
175.412244898 68.1
176.240181406 68.2
176.749569161 68.3
177.232834467 68.4
177.821315193 69.1
178.467120181 69.2
178.976507937 69.3
179.548299320 69.4
180.433560091 70.1
181.384126984 70.2
181.877551020 70.3
182.326712018 70.4
182.723265306 71.1
183.118367347 71.2
183.549387755 71.3
183.921632653 71.4
184.429569161 72.1
184.945487528 72.2
185.358367347 72.3
185.766530612 72.4
186.158367347 73.1
186.542585034 73.2
186.965260771 73.3
187.494965986 73.4
188.058775510 74.1
188.773877551 74.2
189.293061224 74.3
189.760000000 74.4
190.272653061 75.1
190.808163265 75.2
191.242811791 75.3
191.821496599 75.4
192.476734694 76.1
193.280725624 76.2
193.923265306 76.3
194.566530612 76.4
195.040000000 77.1
195.591836735 77.2
196.045714286 77.3
196.515918367 77.4
197.260408163 78.1
198.037551020 78.2
198.566530612 78.3
199.026938776 78.4
199.542857143 79.1
200.098684807 79.2
200.599365079 79.3
201.147936508 79.4
201.871020408 80.1
203.787755102 80.2
205.031473923 80.3
205.485714286 80.4
205.897142857 81.1
206.393469388 81.2
207.229387755 81.3
209.162448980 81.4
211.838548753 82.1
212.792743764 82.2
213.409523810 82.3
213.971882086 82.4
214.603174603 83.1
215.210612245 83.2
215.780385488 83.3
216.424489796 83.4
217.003219955 84.1
217.636734694 84.2
218.198639456 84.3
218.851700680 84.4
219.427233560 85.1
220.036462585 85.2
220.614965986 85.3
221.253514739 85.4
221.844897959 86.1
222.501428571 86.2
223.038548753 86.3
223.666213152 86.4
224.273582766 87.1
224.872494331 87.2
225.435102041 87.3
225.998140590 87.4
227.144058957 88.1
228.388571429 88.2
229.622857143 88.3
230.106122449 88.4
230.511020408 89.1
231.346938776 89.2
231.921632653 89.3
232.581224490 89.4
233.538526077 90.1
235.445056689 90.2
236.421224490 90.3
236.897959184 90.4
237.902222222 91.1
239.203265306 91.2
240.385306122 91.3
241.789387755 91.4