0.689909297 0 1.1
1.515102041 72.7103 1.2
2.118095238 99.5036 1.3
2.671746032 108.372 1.4
3.286349206 97.624 2.1
3.941587302 91.5698 2.2
4.499705215 107.504 2.3
5.144829932 93.0053 2.4
5.709206349 106.312 3.1
6.339047619 95.2621 3.2
6.928253968 101.832 3.3
7.563174603 94.5 3.4
8.137142857 104.535 4.1
8.731428571 100.962 4.2
9.335873016 99.2647 4.3
9.955918367 96.7671 4.4
10.595555556 93.8032 5.1
11.225396825 95.2621 5.2
11.779047619 108.372 5.3
12.403265306 96.1203 5.4
12.947301587 110.287 6.1
13.602539683 91.5698 6.2
14.196122449 101.081 6.3
14.791111111 100.842 6.4
15.446349206 91.5698 7.1
16.172698413 82.6049 7.2
16.733605442 106.97 7.3
17.310476190 104.009 7.4
17.884444444 104.535 8.1
18.524444444 93.75 8.2
19.076371882 108.71 8.3
19.733333333 91.3296 8.4
20.581587302 70.7335 9.1
21.506031746 64.9038 9.2
22.090158730 102.717 9.3
22.628571429 111.439 9.4
23.268571429 93.75 10.1
23.890068027 96.5412 10.2
24.457619048 105.717 10.3
25.056507937 100.186 10.4
25.687142857 95.1422 11.1
26.245079365 107.539 11.2
26.803809524 107.386 11.3
27.403174603 100.106 11.4
27.987301587 102.717 12.1
28.581587302 100.962 12.2
29.152471655 105.1 12.3
29.770158730 97.1366 12.4
30.347913832 103.85 13.1
31.050158730 85.4403 13.2
31.588571429 111.439 13.3
32.116825397 113.582 13.4
32.729863946 97.8731 14.1
33.412063492 87.9508 14.2
33.975873016 106.419 14.3
34.595555556 96.8238 14.4
35.309750567 84.0107 15.1
36.154920635 70.9916 15.2
36.718730159 106.419 15.3
37.292698413 104.535 15.4
37.836190476 110.397 16.1
38.445714286 98.4375 16.2
38.994285714 109.375 16.3
39.588571429 100.962 16.4
40.198095238 98.4375 17.1
40.933832200 81.5509 17.2
41.452698413 115.637 17.3
42.002312925 109.167 17.4
42.565079365 106.616 18.1
43.242947846 88.5127 18.2
43.816009070 104.701 18.3
44.398730159 102.965 18.4
45.099682540 85.5978 19.1
45.831111111 82.0313 19.2
46.420317460 101.832 19.3
46.999365079 103.618 19.4
47.578412698 103.618 20.1
48.198095238 96.8238 20.2
48.800294785 99.6348 20.3
49.401904762 99.7324 20.4
49.940317460 111.439 21.1
50.600634921 90.8654 21.2
51.196439909 100.704 21.3
51.779047619 102.985 21.4
52.353015873 104.535 22.1
52.952380952 100.106 22.2
53.536258503 102.761 22.3
54.151111111 97.5844 22.4
54.730158730 103.618 23.1
55.375215420 93.0151 23.2
55.951224490 104.165 23.3
56.573968254 96.3478 23.4
57.132698413 107.386 24.1
57.716825397 102.717 24.2
58.295873016 103.618 24.3
58.971428571 88.8158 24.4
59.601269841 95.2621 25.1
60.286984127 87.5 25.2
60.830476190 110.397 25.3
61.424761905 100.962 25.4
61.973333333 109.375 26.1
62.598095238 96.0366 26.2
63.177142857 103.618 26.3
63.816213152 93.8864 26.4
64.452063492 94.3618 27.1
65.330793651 68.2803 27.2
65.889523810 107.386 27.3
66.509206349 96.8238 27.4
67.098412698 101.832 28.1
67.748571429 92.2852 28.2
68.307301587 107.386 28.3
68.906666667 100.106 28.4
69.485714286 103.618 29.1
70.100317460 97.624 29.2
70.659047619 107.386 29.3
71.222857143 106.419 29.4
71.796825397 104.535 30.1
72.340317460 110.397 30.2
72.919365079 103.618 30.3
73.574603175 91.5698 30.4
74.240000000 90.1718 31.1
75.041768707 74.8345 31.2
75.555555556 116.78 31.3
76.073650794 115.809 31.4
76.690476190 97.2723 32.1
77.241904762 108.808 32.2
77.795555556 108.372 32.3
78.389841270 100.962 32.4
79.004444444 97.624 33.1
79.852698413 70.7335 33.2
80.447959184 100.796 33.3
80.954920635 118.352 33.4
81.570589569 97.455 34.1
82.163809524 101.143 34.2
82.701065760 111.679 34.3
83.306666667 99.0751 34.4
83.916190476 98.4375 35.1
84.551111111 94.5 35.2
85.079365079 113.582 35.3
85.678730159 100.106 35.4
86.227301587 109.375 36.1
86.852063492 96.0366 36.2
87.415873016 106.419 36.3
88.030476190 97.624 36.4
88.619682540 101.832 37.1
89.269841270 92.2852 37.2
89.782857143 116.955 37.3
90.311111111 113.582 37.4
90.905396825 100.962 38.1
91.560634921 91.5698 38.2
92.078730159 115.809 38.3
92.652698413 104.535 38.4
93.363809524 84.375 39.1
94.090158730 82.6049 39.2
94.648888889 107.386 39.3
95.207619048 107.386 39.4
95.781587302 104.535 40.1
96.406349206 96.0366 40.2
96.904126984 120.536 40.3
97.406984127 119.318 40.4
97.945396825 111.439 41.1
98.678480726 81.846 41.2
99.207369615 113.445 41.3
99.672380952 129.029 41.4
100.220952381 109.375 42.1
100.841065760 96.7565 42.2
101.370249433 113.382 42.3
101.871746032 119.642 42.4
102.440634921 105.469 43.1
103.057981859 97.1901 43.2
103.593650794 112.009 43.3
104.096507937 119.318 43.4
104.690793651 100.962 44.1
105.326916100 94.3215 44.2
105.885056689 107.5 44.3
106.434716553 109.158 44.4
107.504761905 56.0724 45.1
108.485600907 61.1721 45.2
109.043809524 107.487 45.3
109.653333333 98.4375 45.4
110.201904762 109.375 46.1
110.857142857 91.5698 46.2
111.431723356 104.424 46.3
112.050793651 96.9195 46.4
112.589206349 111.439 47.1
113.266349206 88.6076 47.2
113.802086168 111.995 47.3
114.417777778 97.4514 47.4
115.081655329 90.3781 48.1
115.743492063 90.6568 48.2
116.342857143 100.106 48.3
116.998594104 91.5001 48.4
118.138775510 52.6232 49.1
120.032653061 31.681 49.2
121.570975057 39.0035 49.3
122.920634921 44.4556 49.4
123.398095238 125.665 50.1
124.059863946 90.6661 50.2
124.981995465 65.0666 50.3
125.424036281 135.734 50.4
125.910929705 123.23 51.1
126.415963719 118.804 51.2
126.860770975 134.89 51.3
127.212698413 170.49 51.4
127.978231293 78.3768 52.1
128.891791383 65.6771 52.2
129.443990930 108.656 52.3
130.020136054 104.14 52.4
130.641269841 96.5975 53.1
131.250068027 98.5548 53.2
131.809523810 107.247 53.3
132.461859410 91.9772 53.4
133.006802721 110.103 54.1
133.680907029 89.007 54.2
134.262131519 103.23 54.3
134.860045351 100.349 54.4
135.517460317 91.2666 55.1
136.057324263 111.139 55.2
136.642176871 102.59 55.3
137.330793651 87.1312 55.4
138.013605442 87.8719 56.1
139.305215420 46.4537 56.2
139.792834467 123.047 56.3
140.145487528 170.139 56.4
140.734693878 101.832 57.1
141.366712018 94.934 57.2
141.804263039 137.127 57.3
142.137324263 180.147 57.4
142.698956916 106.831 58.1
143.110385488 145.833 58.2
143.554467120 135.11 58.3
143.998548753 135.11 58.4
144.747392290 80.1235 59.1
146.271201814 39.375 59.2
147.112925170 71.2823 59.3
147.498956916 155.428 59.4
148.121541950 96.3724 60.1
149.562131519 41.6496 60.2
150.407256236 70.9954 60.3
151.669841270 47.5216 60.4
152.780045351 54.0441 61.1
154.492517007 35.0371 61.2
155.769614512 46.9815 61.3
157.808616780 29.4262 61.4
160.195918367 25.133 62.1
161.197278912 59.9185 62.2
161.843083900 92.9073 62.3
162.452607710 98.4375 62.4
163.149206349 86.1328 63.1
163.916916100 78.1545 63.2
164.465487528 109.375 63.3
164.999546485 112.347 63.4
165.688888889 87.0395 64.1
166.574875283 67.7211 64.2
167.090793651 116.297 64.3
167.672018141 103.23 64.4
168.257596372 102.463 65.1
168.886712018 95.372 65.2
169.422222222 112.043 65.3
169.984580499 106.694 65.4
170.739229025 79.5072 66.1
171.498956916 78.9756 66.2
171.995283447 120.888 66.3
172.498140590 119.318 66.4
173.082993197 102.59 67.1
173.732426304 92.3883 67.2
174.241814059 117.788 67.3
174.777324263 112.043 67.4
175.412244898 94.5 68.1
176.240181406 72.4693 68.2
176.749569161 117.788 68.3
177.232834467 124.155 68.4
177.821315193 101.957 69.1
178.467120181 92.9073 69.2
178.976507937 117.788 69.3
179.548299320 104.933 69.4
180.433560091 67.7766 70.1
181.384126984 63.1202 70.2
181.877551020 121.599 70.3
182.326712018 133.582 70.4
182.723265306 151.304 71.1
183.118367347 151.859 71.2
183.549387755 139.205 71.3
183.921632653 161.184 71.4
184.429569161 118.125 72.1
184.945487528 116.297 72.2
185.358367347 145.321 72.3
185.766530612 147 72.4
186.158367347 153.125 73.1
186.542585034 156.161 73.2
186.965260771 141.953 73.3
187.494965986 113.271 73.4
188.058775510 106.419 74.1
188.773877551 83.9041 74.2
189.293061224 115.566 74.3
189.760000000 128.497 74.4
190.272653061 117.038 75.1
190.808163265 112.043 75.2
191.242811791 138.043 75.3
191.821496599 103.683 75.4
192.476734694 91.5698 76.1
193.280725624 74.6277 76.2
193.923265306 93.3794 76.3
194.566530612 93.2741 76.4
195.040000000 126.724 77.1
195.591836735 108.728 77.2
196.045714286 132.194 77.3
196.515918367 127.604 77.4
197.260408163 80.5921 78.1
198.037551020 77.2059 78.2
198.566530612 113.426 78.3
199.026938776 130.319 78.4
199.542857143 116.297 79.1
200.098684807 107.947 79.2
200.599365079 119.837 79.3
201.147936508 109.375 79.4
201.871020408 82.9779 80.1
203.787755102 31.3032 80.2
205.031473923 48.2424 80.3
205.485714286 132.089 80.4
205.897142857 145.833 81.1
206.393469388 120.888 81.2
207.229387755 71.7773 81.3
209.162448980 31.0389 81.4
211.838548753 22.4207 82.1
212.792743764 62.8802 82.2
213.409523810 97.2794 82.3
213.971882086 106.694 82.4
214.603174603 95.0431 83.1
215.210612245 98.7756 83.2
215.780385488 105.305 83.3
216.424489796 93.1526 83.4
217.003219955 103.675 84.1
217.636734694 94.7097 84.2
218.198639456 106.78 84.3
218.851700680 91.875 84.4
219.427233560 104.251 85.1
220.036462585 98.4851 85.2
220.614965986 103.716 85.3
221.253514739 93.9631 85.4
221.844897959 101.457 86.1
222.501428571 91.3895 86.2
223.038548753 111.707 86.3
223.666213152 95.5925 86.4
224.273582766 98.7866 87.1
224.872494331 100.182 87.2
225.435102041 106.646 87.3
225.998140590 106.565 87.4
227.144058957 52.3597 88.1
228.388571429 48.2117 88.2
229.622857143 48.6111 88.3
230.106122449 124.155 88.4
230.511020408 148.185 89.1
231.346938776 71.7773 89.2
231.921632653 104.403 89.3
232.581224490 90.9653 89.4
233.538526077 62.6762 90.1
235.445056689 31.4708 90.2
236.421224490 61.4648 90.3
236.897959184 125.856 90.4
237.902222222 59.7453 91.1
239.203265306 46.1168 91.2
240.385306122 50.7597 91.3
241.789387755 42.7326 91.4