3.512018141	1.1
4.391995465	1.2
4.738321995	1.3
5.043083900	1.4
5.304308390	1.5
5.623582766	1.6
5.942857143	1.7
6.240362812	1.8
6.595918367	2.1
7.169160998	2.2
7.500045351	2.3
7.778684807	2.4
8.055464853	2.5
8.356281179	2.6
8.649433107	2.7
8.966666667	2.8
9.306666667	3.1
9.833333333	3.2
10.222585034	3.3
10.470748299	3.4
10.713333333	3.5
11.017868481	3.6
11.313922902	3.7
11.557732426	3.8
11.886666667	4.1
12.426666667	4.2
12.765170068	4.3
13.026394558	4.4
13.299229025	4.5
13.601088435	4.6
13.949387755	4.7
14.291882086	4.8
14.666666667	5.1
15.313560091	5.2
15.603809524	5.3
15.865079365	5.4
16.121927438	5.5
16.370612245	5.6
16.660317460	5.7
16.950566893	5.8
17.298866213	6.1
17.832925170	6.2
18.140589569	6.3
18.390204082	6.4
18.657233560	6.5
18.976507937	6.6
19.272562358	6.7
19.580226757	6.8
19.840000000	7.1
20.404535147	7.2
20.728616780	7.3
21.012086168	7.4
21.298684807	7.5
21.548117914	7.6
21.794625850	7.7
22.136122449	7.8
22.469138322	8.1
23.010975057	8.2
23.317233560	8.3
23.531972789	8.4
23.835283447	8.5
24.055873016	8.6
24.404172336	8.7
24.791088435	8.8
25.177619048	9.1
25.520000000	9.2
25.912403628	9.3
26.192562358	9.4
26.488163265	9.5
26.729002268	9.6
27.028027211	9.7
27.378208617	9.8
27.817505669	10.1
28.223854875	10.2
28.554739229	10.3
28.848004535	10.4
29.098798186	10.5
29.396462585	10.6
29.651882086	10.7
29.928934240	10.8
30.348480726	11.1
30.870929705	11.2
31.172789116	11.3
31.434013605	11.4
31.712653061	11.5
31.950657596	11.6
32.275736961	11.7
32.560181406	11.8
32.873650794	12.1
33.260000000	12.2
33.556213152	12.3
33.802448980	12.4
34.052063492	12.5
34.348117914	12.6
34.632562358	12.7
34.900181406	12.8
35.317551020	13.1
35.816780045	13.2
36.179591837	13.3
36.414693878	13.4
36.710748299	13.5
37.030022676	13.6
37.268934240	13.7
37.611655329	13.8
37.883356009	14.1
38.246666667	14.2
38.613333333	14.3
38.844081633	14.4
39.140136054	14.5
39.450702948	14.6
39.746757370	14.7
40.106666667	14.8
40.425941043	15.1
41.087709751	15.2
41.440000000	15.3
41.762108844	15.4
41.986666667	15.5
42.257052154	15.6
42.546666667	15.7
42.821405896	15.8
43.113333333	16.1
43.485170068	16.2
43.775419501	16.3
44.013333333	16.4
44.328321995	16.5
44.617142857	16.6
44.919002268	16.7
45.175532880	16.8
45.493786848	17.1
45.836190476	17.2
46.143854875	17.3
46.415555556	17.4
46.735963719	17.5
46.994829932	17.6
47.288412698	17.7
47.568934240	17.8
47.953809524	18.1
48.345714286	18.2
48.640000000	18.3
48.878004535	18.4
49.131292517	18.5
49.433333333	18.6
49.812607710	18.7
50.086666667	18.8
50.486371882	19.1
51.008435374	19.2
51.321904762	19.3
51.600544218	19.4
51.902403628	19.5
52.140000000	19.6
52.393401361	19.7
52.697687075	19.8
53.022766440	20.1
53.376870748	20.2
53.701950113	20.3
53.974784580	20.4
54.247619048	20.5
54.513333333	20.6
54.780000000	20.7
55.060000000	20.8
55.433469388	21.1
55.912154195	21.2
56.158752834	21.3
56.401269841	21.4
56.644807256	21.5
56.964943311	21.6
57.272743764	21.7
57.548049887	21.8
57.867845805	22.1
58.316916100	22.2
58.590816327	22.3
58.824625850	22.4
59.102675737	22.5
59.388231293	22.6
59.656417234	22.7
59.912403628	22.8
60.366077098	23.1
60.737596372	23.2
61.045419501	23.3
61.294126984	23.4
61.532176871	23.5
61.821043084	23.6
62.107845805	23.7
62.428367347	23.8
62.716258503	24.1
62.986666667	24.2
63.325623583	24.3
63.574149660	24.4
63.827120181	24.5
64.126802721	24.6
64.402947846	24.7
64.713333333	24.8
65.093333333	25.1
65.709569161	25.2
66.011405896	25.3
66.301405896	25.4
66.562902494	25.5
66.795351474	25.6
67.086439909	25.7
67.346031746	25.8
67.637823129	26.1
68.017052154	26.2
68.323129252	26.3
68.560929705	26.4
68.831746032	26.5
69.207074830	26.6
69.499637188	26.7
69.784603175	26.8
70.191020408	27.1
70.954376417	27.2
71.195011338	27.3
71.494240363	27.4
71.752562358	27.5
72.017029478	27.6
72.309841270	27.7
72.588730159	27.8
72.959977324	28.1
73.389977324	28.2
73.692199546	28.3
73.945215420	28.4
74.251609977	28.5
74.550566893	28.6
74.774512472	28.7
75.074603175	28.8
75.403900227	29.1
75.845079365	29.2
76.137256236	29.3
76.396553288	29.4
76.669387755	29.5
76.895079365	29.6
77.206349206	29.7
77.479183673	29.8
77.792653061	30.1
78.114829932	30.2
78.422494331	30.3
78.668843537	30.4
78.956553288	30.5
79.240997732	30.6
79.531247166	30.7
79.846666667	30.8
80.283197279	31.1
80.764807256	31.2
81.162675737	31.3
81.426575964	31.4
81.711020408	31.5
81.985600907	31.6
82.255442177	31.7
82.528707483	31.8
82.798798186	32.1
83.077301587	32.2
83.336417234	32.3
83.583129252	32.4
83.835646259	32.5
84.124920635	32.6
84.371700680	32.7
84.695374150	32.8
85.141768707	33.1
85.649705215	33.2
85.925442177	33.3
86.216893424	33.4
86.500136054	33.5
86.752653061	33.6
87.063219955	33.7
87.333333333	33.8
87.623401361	34.1
87.941950113	34.2
88.185034014	34.3
88.420000000	34.4
88.674761905	34.5
89.017845805	34.6
89.339297052	34.7
89.763265306	34.8
90.191383220	35.1
90.686666667	35.2
91.073015873	35.3
91.366893424	35.4
91.639002268	35.5
91.958276644	35.6
92.237641723	35.7
92.498866213	35.8
92.813333333	36.1
93.206349206	36.2
93.471315193	36.3
93.728321995	36.4
94.035668934	36.5
94.309138322	36.6
94.558072562	36.7
94.891405896	36.8
95.226666667	37.1
95.560997732	37.2
95.823718821	37.3
96.110385488	37.4
96.380000000	37.5
96.677256236	37.6
96.958344671	37.7
97.304671202	37.8
97.577188209	38.1
97.879569161	38.2
98.158979592	38.3
98.501791383	38.4
98.773265306	38.5
99.068185941	38.6
99.377777778	38.7
99.685782313	38.8
100.174058957	39.1
100.993333333	39.2
101.271655329	39.3
101.551020408	39.4
101.889886621	39.5
102.164535147	39.6
102.432766440	39.7
102.736507937	39.8
102.995011338	40.1
103.263492063	40.2
103.521972789	40.3
103.790657596	40.4
104.108843537	40.5
104.409977324	40.6
104.666326531	40.7
104.972335601	40.8
105.269841270	41.1
105.526666667	41.2
105.882380952	41.3
106.139342404	41.4
106.409070295	41.5
106.742857143	41.6
107.025850340	41.7
107.370521542	41.8
107.649886621	42.1
108.073424036	42.2
108.340000000	42.3
108.620000000	42.4
108.894331066	42.5
109.170068027	42.6
109.445804989	42.7
109.750566893	42.8
110.033560091	43.1
110.421768707	43.2
110.747845805	43.3
111.035124717	43.4
111.297823129	43.5
111.576009070	43.6
111.836031746	43.7
112.116643991	43.8
112.348299320	44.1
112.682086168	44.2
112.948412698	44.3
113.195759637	44.4
113.502040816	44.5
113.806802721	44.6
114.129705215	44.7
114.495623583	44.8
114.931519274	45.1
115.660000000	45.2
115.958276644	45.3
116.237641723	45.4
116.473469388	45.5
116.740000000	45.6
116.997414966	45.7
117.300566893	45.8
117.658662132	46.1
118.200453515	46.2
118.480000000	46.3
118.741043084	46.4
118.980498866	46.5
119.258095238	46.6
119.535600907	46.7
119.811179138	46.8
120.166666667	47.1
120.811678005	47.2
121.102947846	47.3
121.335147392	47.4
121.621768707	47.5
121.908390023	47.6
122.149365079	47.7
122.466825397	47.8
122.773333333	48.1
123.337868481	48.2
123.605873016	48.3
123.842947846	48.4
124.132426304	48.5
124.438956916	48.6
124.752743764	48.7
125.042585034	48.8
125.580045351	49.1
126.115442177	49.2
126.550589569	49.3
127.100793651	49.4
127.859092971	49.5
128.703854875	49.6
129.015873016	49.7
129.260000000	49.8
129.541950113	50.1
129.759637188	50.2
129.993333333	50.3
130.231292517	50.4
130.518616780	50.5
130.778049887	50.6
131.082925170	50.7
131.326984127	50.8
131.515646259	51.1
131.720000000	51.2
132.009070295	51.3
132.226757370	51.4
132.415419501	51.5
132.662131519	51.6
132.930612245	51.7
133.202721088	51.8
133.659863946	52.1
134.306666667	52.2
134.592290249	52.3
134.864399093	52.4
135.121995465	52.5
135.373333333	52.6
135.648072562	52.7
135.906666667	52.8
136.188662132	53.1
136.627664399	53.2
136.939682540	53.3
137.186394558	53.4
137.465759637	53.5
137.726984127	53.6
138.002721088	53.7
138.267573696	53.8
138.553333333	54.1
139.053333333	54.2
139.386666667	54.3
139.626666667	54.4
139.900000000	54.5
140.166666667	54.6
140.426666667	54.7
140.700000000	54.8
141.035827664	55.1
141.572789116	55.2
141.820000000	55.3
142.091609977	55.4
142.345578231	55.5
142.593333333	55.6
142.886666667	55.7
143.186666667	55.8
143.500000000	56.1
144.428117914	56.2
144.707482993	56.3
145.008616780	56.4
145.262585034	56.5
145.526666667	56.6
145.753333333	56.7
146.033333333	56.8
146.273333333	57.1
146.580000000	57.2
146.800000000	57.3
147.100000000	57.4
147.346666667	57.5
147.606666667	57.6
147.846666667	57.7
148.093333333	57.8
148.339229025	58.1
148.626666667	58.2
148.880000000	58.3
149.140000000	58.4
149.420000000	58.5
149.713333333	58.6
150.000000000	58.7
150.286666667	58.8
151.038548753	59.1
151.793333333	59.2
152.473333333	59.3
153.318049887	59.4
153.614603175	59.5
153.906666667	59.6
154.238548753	59.7
154.597732426	59.8
155.217392290	60.1
156.013333333	60.2
156.825396825	60.3
157.206349206	60.4
157.587301587	60.5
158.246666667	60.6
158.911564626	60.7
159.375963719	60.8
159.865759637	61.1
160.560000000	61.2
161.520181406	61.3
162.024489796	61.4
162.797278912	61.5
163.500000000	61.6
164.506666667	61.7
165.634467120	61.8
166.973333333	62.1
168.526077098	62.2
168.867120181	62.3
169.219047619	62.4
169.524875283	62.5
169.828571429	62.6
170.146666667	62.7
170.478004535	62.8
170.880725624	63.1
171.181859410	63.2
171.464784580	63.3
171.744013605	63.4
172.045351474	63.5
172.433333333	63.6
172.839909297	63.7
173.318820862	63.8
173.804988662	64.1
174.726530612	64.2
175.063945578	64.3
175.350566893	64.4
175.633560091	64.5
175.886666667	64.6
176.193696145	64.7
176.441768707	64.8
176.809863946	65.1
177.117777778	65.2
177.440362812	65.3
177.683446712	65.4
177.986666667	65.5
178.313333333	65.6
178.702947846	65.7
179.179092971	65.8
179.664399093	66.1
180.618594104	66.2
180.948752834	66.3
181.235374150	66.4
181.492970522	66.5
181.804988662	66.6
182.046666667	66.7
182.318072562	66.8
182.641179138	67.1
182.935691610	67.2
183.219886621	67.3
183.486666667	67.4
183.767800454	67.5
184.079818594	67.6
184.417233560	67.7
184.809070295	67.8
185.300000000	68.1
185.873333333	68.2
186.173718821	68.3
186.420000000	68.4
186.706666667	68.5
186.992789116	68.6
187.249682540	68.7
187.504761905	68.8
187.780000000	69.1
188.053333333	69.2
188.313333333	69.3
188.606666667	69.4
188.886825397	69.5
189.153333333	69.6
189.386666667	69.7
189.670204082	69.8
189.938707483	70.1
190.291156463	70.2
190.620589569	70.3
190.933333333	70.4
191.212698413	70.5
191.488435374	70.6
191.698866213	70.7
191.989115646	70.8
192.243083900	71.1
192.500680272	71.2
192.779795918	71.3
193.068911565	71.4
193.309750567	71.5
193.572108844	71.6
193.864852608	71.7
194.124988662	71.8
194.372789116	72.1
194.623129252	72.2
194.859024943	72.3
195.170884354	72.4
195.405215420	72.5
195.686666667	72.6
195.936507937	72.7
196.234648526	72.8
196.524489796	73.1
196.787732426	73.2
197.044716553	73.3
197.295918367	73.4
197.548571429	73.5
197.798208617	73.6
198.027369615	73.7
198.273038549	73.8
198.507210884	74.1
198.920000000	74.2
199.246666667	74.3
199.480000000	74.4
199.742403628	74.5
199.967346939	74.6
200.221315193	74.7
200.522448980	74.8
200.741882086	75.1
200.986666667	75.2
201.235714286	75.3
201.492380952	75.4
201.721859410	75.5
202.009773243	75.6
202.300000000	75.7
202.726666667	75.8
203.133333333	76.1
203.682539683	76.2
204.281179138	76.3
204.800000000	76.4
205.485714286	76.5
205.950113379	76.6
206.175034014	76.7
206.460770975	76.8
206.678390023	77.1
206.947845805	77.2
207.172789116	77.3
207.401360544	77.4
207.658956916	77.5
207.905668934	77.6
208.166893424	77.7
208.449886621	77.8
208.758276644	78.1
209.293038549	78.2
209.506666667	78.3
209.720000000	78.4
209.991836735	78.5
210.205895692	78.6
210.492517007	78.7
210.760997732	78.8
211.012108844	79.1
211.268344671	79.2
211.519274376	79.3
211.776870748	79.4
212.050385488	79.5
212.315646259	79.6
212.631043084	79.7
212.941541950	79.8
213.489342404	80.1
214.041723356	80.2
214.692698413	80.3
215.539229025	80.4
215.836734694	80.5
216.087074830	80.6
216.355555556	80.7
216.640000000	80.8
216.893560091	81.1
217.205306122	81.2
217.534693878	81.3
218.006349206	81.4
218.426666667	81.5
218.946666667	81.6
219.520000000	81.7
220.080000000	81.8
220.600000000	82.1
221.393333333	82.2
221.714285714	82.3
222.004535147	82.4
222.254875283	82.5
222.520000000	82.6
222.849886621	82.7
223.126666667	82.8
223.517460317	83.1
223.886666667	83.2
224.200000000	83.3
224.504308390	83.4
224.816326531	83.5
225.080000000	83.6
225.400453515	83.7
225.686666667	83.8
225.962811791	84.1
226.608616780	84.2
226.887981859	84.3
227.146666667	84.4
227.414058957	84.5
227.660000000	84.6
227.980045351	84.7
228.273333333	84.8
228.586666667	85.1
229.006666667	85.2
229.318820862	85.3
229.561904762	85.4
229.834013605	85.5
230.100000000	85.6
230.436281179	85.7
230.686621315	85.8
231.022222222	86.1
231.586031746	86.2
231.903492063	86.3
232.146666667	86.4
232.441904762	86.5
232.673333333	86.6
232.973333333	86.7
233.253333333	86.8
233.564444444	87.1
233.960000000	87.2
234.300000000	87.3
234.586666667	87.4
234.872380952	87.5
235.172063492	87.6
235.466666667	87.7
235.840000000	87.8
236.469841270	88.1
237.213333333	88.2
237.986666667	88.3
238.742857143	88.4
239.046666667	88.5
239.246666667	88.6
239.464126984	88.7
239.692698413	88.8
239.980000000	89.1
240.165079365	89.2
240.472380952	89.3
240.700000000	89.4
240.953333333	89.5
241.226666667	89.6
241.488253968	89.7
241.833333333	89.8
242.326349206	90.1
242.969387755	90.2
243.506349206	90.3
244.706666667	90.4
245.069206349	90.5
245.400000000	90.6
245.752380952	90.7
246.326349206	90.8
247.078095238	91.1
247.773333333	91.2
248.266666667	91.3
248.820000000	91.4
249.513333333	91.5
250.186666667	91.6
251.013333333	91.7
251.746666667	91.8