###data-type:		Global Beat Dynamics (0.2x2 smoothing; 100 ms delay)
###extraction-date:	Tue May 24 13:28:30 PDT 2022
3.512	72.4	1.1
4.392	81.7	1.2
4.738	79.1	1.3
5.043	77.0	1.4
5.304	76.4	1.5
5.624	82.2	1.6
5.943	79.4	1.7
6.24	78.4	1.8
6.596	80.3	2.1
7.169	77.1	2.2
7.5	76.3	2.3
7.779	76.5	2.4
8.055	75.8	2.5
8.356	81.5	2.6
8.649	78.8	2.7
8.967	79.1	2.8
9.307	79.4	3.1
9.833	80.8	3.2
10.223	74.8	3.3
10.471	76.2	3.4
10.713	76.5	3.5
11.018	79.2	3.6
11.314	78.5	3.7
11.558	76.3	3.8
11.887	79.0	4.1
12.427	78.3	4.2
12.765	76.1	4.3
13.026	76.7	4.4
13.299	76.6	4.5
13.601	80.4	4.6
13.949	79.1	4.7
14.292	78.7	4.8
14.667	77.8	5.1
15.314	77.0	5.2
15.604	77.1	5.3
15.865	81.4	5.4
16.122	76.7	5.5
16.371	78.3	5.6
16.66	80.3	5.7
16.951	82.5	5.8
17.299	82.4	6.1
17.833	74.9	6.2
18.141	75.9	6.3
18.39	82.2	6.4
18.657	79.0	6.5
18.977	80.0	6.6
19.273	79.5	6.7
19.58	82.4	6.8
19.84	81.7	7.1
20.405	76.7	7.2
20.729	77.4	7.3
21.012	81.9	7.4
21.299	77.5	7.5
21.548	80.2	7.6
21.795	77.8	7.7
22.136	77.9	7.8
22.469	79.8	8.1
23.011	73.5	8.2
23.317	76.3	8.3
23.532	80.6	8.4
23.835	75.7	8.5
24.056	76.5	8.6
24.404	76.6	8.7
24.791	79.0	8.8
25.178	77.1	9.1
25.52	74.6	9.2
25.912	77.4	9.3
26.193	76.9	9.4
26.488	77.3	9.5
26.729	77.0	9.6
27.028	77.8	9.7
27.378	79.2	9.8
27.818	80.5	10.1
28.224	73.7	10.2
28.555	80.0	10.3
28.848	79.5	10.4
29.099	78.3	10.5
29.396	79.7	10.6
29.652	80.3	10.7
29.929	80.9	10.8
30.348	77.3	11.1
30.871	78.2	11.2
31.173	77.7	11.3
31.434	77.5	11.4
31.713	77.1	11.5
31.951	80.2	11.6
32.276	78.6	11.7
32.56	79.2	11.8
32.874	79.8	12.1
33.26	81.4	12.2
33.556	78.7	12.3
33.802	78.1	12.4
34.052	75.9	12.5
34.348	79.7	12.6
34.633	76.9	12.7
34.9	78.7	12.8
35.318	79.8	13.1
35.817	80.4	13.2
36.18	77.4	13.3
36.415	77.3	13.4
36.711	77.2	13.5
37.03	80.5	13.6
37.269	80.3	13.7
37.612	80.8	13.8
37.883	78.7	14.1
38.247	77.1	14.2
38.613	75.3	14.3
38.844	73.8	14.4
39.14	72.1	14.5
39.451	73.1	14.6
39.747	74.0	14.7
40.107	72.6	14.8
40.426	73.7	15.1
41.088	74.7	15.2
41.44	72.9	15.3
41.762	73.5	15.4
41.987	73.3	15.5
42.257	75.8	15.6
42.547	72.3	15.7
42.821	76.2	15.8
43.113	77.9	16.1
43.485	76.0	16.2
43.775	73.4	16.3
44.013	74.0	16.4
44.328	73.6	16.5
44.617	71.9	16.6
44.919	76.2	16.7
45.176	77.7	16.8
45.494	76.3	17.1
45.836	75.5	17.2
46.144	74.1	17.3
46.416	78.8	17.4
46.736	73.5	17.5
46.995	74.6	17.6
47.288	77.3	17.7
47.569	79.3	17.8
47.954	80.8	18.1
48.346	76.8	18.2
48.64	75.4	18.3
48.878	75.4	18.4
49.131	75.7	18.5
49.433	79.1	18.6
49.813	77.4	18.7
50.087	74.8	18.8
50.486	73.7	19.1
51.008	73.8	19.2
51.322	73.4	19.3
51.601	79.6	19.4
51.902	75.3	19.5
52.14	75.6	19.6
52.393	74.8	19.7
52.698	75.4	19.8
53.023	77.1	20.1
53.377	73.5	20.2
53.702	76.0	20.3
53.975	81.9	20.4
54.248	77.8	20.5
54.513	77.4	20.6
54.78	80.7	20.7
55.06	79.3	20.8
55.433	76.7	21.1
55.912	76.3	21.2
56.159	82.9	21.3
56.401	80.9	21.4
56.645	82.4	21.5
56.965	79.6	21.6
57.273	79.9	21.7
57.548	80.7	21.8
57.868	79.7	22.1
58.317	78.1	22.2
58.591	80.0	22.3
58.825	80.9	22.4
59.103	79.2	22.5
59.388	78.7	22.6
59.656	80.4	22.7
59.912	81.5	22.8
60.366	82.3	23.1
60.738	78.2	23.2
61.045	81.3	23.3
61.294	82.2	23.4
61.532	80.4	23.5
61.821	78.7	23.6
62.108	80.3	23.7
62.428	81.8	23.8
62.716	78.0	24.1
62.987	76.7	24.2
63.326	79.4	24.3
63.574	81.1	24.4
63.827	78.4	24.5
64.127	78.7	24.6
64.403	80.8	24.7
64.713	80.8	24.8
65.093	78.7	25.1
65.71	79.6	25.2
66.011	77.7	25.3
66.301	82.3	25.4
66.563	80.1	25.5
66.795	80.0	25.6
67.086	79.9	25.7
67.346	81.6	25.8
67.638	78.6	26.1
68.017	78.3	26.2
68.323	81.5	26.3
68.561	82.8	26.4
68.832	83.0	26.5
69.207	81.0	26.6
69.5	82.6	26.7
69.785	82.0	26.8
70.191	80.7	27.1
70.954	81.6	27.2
71.195	79.1	27.3
71.494	79.3	27.4
71.753	79.6	27.5
72.017	82.0	27.6
72.31	77.7	27.7
72.589	79.4	27.8
72.96	79.5	28.1
73.39	80.2	28.2
73.692	78.6	28.3
73.945	78.2	28.4
74.252	76.0	28.5
74.551	81.0	28.6
74.775	77.5	28.7
75.075	77.9	28.8
75.404	82.4	29.1
75.845	79.9	29.2
76.137	77.2	29.3
76.397	80.5	29.4
76.669	81.2	29.5
76.895	81.8	29.6
77.206	81.9	29.7
77.479	76.8	29.8
77.793	81.0	30.1
78.115	79.2	30.2
78.422	77.1	30.3
78.669	78.6	30.4
78.957	78.3	30.5
79.241	83.3	30.6
79.531	80.2	30.7
79.847	81.3	30.8
80.283	80.5	31.1
80.765	76.3	31.2
81.163	76.4	31.3
81.427	75.5	31.4
81.711	75.7	31.5
81.986	77.3	31.6
82.255	78.6	31.7
82.529	79.7	31.8
82.799	77.5	32.1
83.077	74.8	32.2
83.336	74.6	32.3
83.583	81.7	32.4
83.836	76.8	32.5
84.125	77.9	32.6
84.372	78.1	32.7
84.695	78.6	32.8
85.142	82.3	33.1
85.65	73.9	33.2
85.925	69.5	33.3
86.217	68.2	33.4
86.5	66.9	33.5
86.753	72.9	33.6
87.063	72.8	33.7
87.333	71.4	33.8
87.623	72.6	34.1
87.942	71.2	34.2
88.185	69.9	34.3
88.42	74.3	34.4
88.675	77.7	34.5
89.018	68.9	34.6
89.339	71.6	34.7
89.763	78.5	34.8
90.191	73.4	35.1
90.687	74.5	35.2
91.073	74.7	35.3
91.367	79.2	35.4
91.639	75.7	35.5
91.958	77.2	35.6
92.238	78.7	35.7
92.499	74.6	35.8
92.813	76.8	36.1
93.206	71.8	36.2
93.471	73.8	36.3
93.728	73.6	36.4
94.036	71.7	36.5
94.309	71.7	36.6
94.558	74.5	36.7
94.891	73.4	36.8
95.227	76.3	37.1
95.561	71.0	37.2
95.824	73.8	37.3
96.11	77.9	37.4
96.38	71.8	37.5
96.677	71.1	37.6
96.958	80.0	37.7
97.305	78.7	37.8
97.577	78.6	38.1
97.88	80.1	38.2
98.159	81.0	38.3
98.502	78.4	38.4
98.773	81.7	38.5
99.068	78.7	38.6
99.378	75.9	38.7
99.686	74.8	38.8
100.174	73.9	39.1
100.993	67.8	39.2
101.272	69.3	39.3
101.551	73.7	39.4
101.89	78.2	39.5
102.165	75.6	39.6
102.433	73.9	39.7
102.737	78.6	39.8
102.995	73.6	40.1
103.263	75.6	40.2
103.522	79.8	40.3
103.791	77.8	40.4
104.109	73.8	40.5
104.41	78.4	40.6
104.666	75.2	40.7
104.972	75.0	40.8
105.27	73.5	41.1
105.527	73.1	41.2
105.882	73.1	41.3
106.139	78.1	41.4
106.409	75.6	41.5
106.743	77.3	41.6
107.026	78.2	41.7
107.371	80.3	41.8
107.65	81.4	42.1
108.073	77.8	42.2
108.34	77.9	42.3
108.62	81.4	42.4
108.894	78.7	42.5
109.17	82.7	42.6
109.446	78.0	42.7
109.751	80.3	42.8
110.034	83.0	43.1
110.422	78.8	43.2
110.748	80.2	43.3
111.035	81.4	43.4
111.298	82.0	43.5
111.576	80.9	43.6
111.836	77.6	43.7
112.117	80.6	43.8
112.348	77.6	44.1
112.682	82.6	44.2
112.948	77.6	44.3
113.196	78.2	44.4
113.502	76.8	44.5
113.807	78.1	44.6
114.13	80.4	44.7
114.496	77.6	44.8
114.932	76.5	45.1
115.66	74.4	45.2
115.958	75.0	45.3
116.238	79.8	45.4
116.473	75.9	45.5
116.74	77.4	45.6
116.997	77.1	45.7
117.301	77.2	45.8
117.659	78.0	46.1
118.2	75.3	46.2
118.48	77.5	46.3
118.741	82.1	46.4
118.98	76.4	46.5
119.258	78.7	46.6
119.536	80.7	46.7
119.811	78.9	46.8
120.167	79.3	47.1
120.812	75.6	47.2
121.103	77.0	47.3
121.335	81.9	47.4
121.622	76.5	47.5
121.908	79.9	47.6
122.149	81.6	47.7
122.467	80.7	47.8
122.773	81.7	48.1
123.338	74.4	48.2
123.606	75.3	48.3
123.843	80.3	48.4
124.132	75.8	48.5
124.439	80.2	48.6
124.753	81.3	48.7
125.043	80.4	48.8
125.58	81.0	49.1
126.115	83.8	49.2
126.551	84.2	49.3
127.101	80.6	49.4
127.859	54.0	49.5
128.704	63.6	49.6
129.016	78.3	49.7
129.26	76.5	49.8
129.542	74.5	50.1
129.76	74.5	50.2
129.993	75.9	50.3
130.231	77.3	50.4
130.519	77.9	50.5
130.778	75.7	50.6
131.083	77.0	50.7
131.327	79.2	50.8
131.516	81.2	51.1
131.72	81.8	51.2
132.009	80.6	51.3
132.227	77.4	51.4
132.415	79.2	51.5
132.662	78.7	51.6
132.931	79.5	51.7
133.203	79.1	51.8
133.66	81.2	52.1
134.307	75.1	52.2
134.592	73.3	52.3
134.864	76.7	52.4
135.122	76.3	52.5
135.373	81.7	52.6
135.648	77.9	52.7
135.907	79.7	52.8
136.189	81.2	53.1
136.628	74.9	53.2
136.94	76.3	53.3
137.186	77.4	53.4
137.466	76.9	53.5
137.727	81.3	53.6
138.003	78.9	53.7
138.268	79.2	53.8
138.553	79.3	54.1
139.053	76.2	54.2
139.387	76.7	54.3
139.627	81.1	54.4
139.9	77.5	54.5
140.167	80.8	54.6
140.427	81.4	54.7
140.7	79.8	54.8
141.036	78.3	55.1
141.573	74.5	55.2
141.82	75.5	55.3
142.092	81.3	55.4
142.346	75.5	55.5
142.593	78.5	55.6
142.887	81.4	55.7
143.187	80.0	55.8
143.5	78.9	56.1
144.428	75.0	56.2
144.707	76.9	56.3
145.009	76.9	56.4
145.263	76.8	56.5
145.527	80.3	56.6
145.753	77.6	56.7
146.033	77.1	56.8
146.273	78.8	57.1
146.58	79.3	57.2
146.8	80.2	57.3
147.1	79.9	57.4
147.347	81.4	57.5
147.607	79.1	57.6
147.847	79.0	57.7
148.093	77.2	57.8
148.339	80.3	58.1
148.627	80.8	58.2
148.88	80.7	58.3
149.14	81.5	58.4
149.42	78.5	58.5
149.713	79.6	58.6
150	82.6	58.7
150.287	80.6	58.8
151.039	79.1	59.1
151.793	79.4	59.2
152.473	82.3	59.3
153.318	79.2	59.4
153.615	76.3	59.5
153.907	78.6	59.6
154.239	81.0	59.7
154.598	81.6	59.8
155.217	77.9	60.1
156.013	79.4	60.2
156.825	78.6	60.3
157.206	78.0	60.4
157.587	82.7	60.5
158.247	82.5	60.6
158.912	79.3	60.7
159.376	82.9	60.8
159.866	82.6	61.1
160.56	81.5	61.2
161.52	80.9	61.3
162.024	81.0	61.4
162.797	76.9	61.5
163.5	76.0	61.6
164.507	76.1	61.7
165.634	78.7	61.8
166.973	69.2	62.1
168.526	61.7	62.2
168.867	63.6	62.3
169.219	72.6	62.4
169.525	64.9	62.5
169.829	69.7	62.6
170.147	70.9	62.7
170.478	71.6	62.8
170.881	73.5	63.1
171.182	72.0	63.2
171.465	72.0	63.3
171.744	71.9	63.4
172.045	67.1	63.5
172.433	68.2	63.6
172.84	71.8	63.7
173.319	74.5	63.8
173.805	73.3	64.1
174.727	66.9	64.2
175.064	64.6	64.3
175.351	67.2	64.4
175.634	70.0	64.5
175.887	72.9	64.6
176.194	74.7	64.7
176.442	72.8	64.8
176.81	75.3	65.1
177.118	73.2	65.2
177.44	73.5	65.3
177.683	76.1	65.4
177.987	74.8	65.5
178.313	76.9	65.6
178.703	74.0	65.7
179.179	76.0	65.8
179.664	72.3	66.1
180.619	67.7	66.2
180.949	67.8	66.3
181.235	74.4	66.4
181.493	71.5	66.5
181.805	72.3	66.6
182.047	71.5	66.7
182.318	74.0	66.8
182.641	76.1	67.1
182.936	76.0	67.2
183.22	70.9	67.3
183.487	73.4	67.4
183.768	70.6	67.5
184.08	73.6	67.6
184.417	77.5	67.7
184.809	75.6	67.8
185.3	77.7	68.1
185.873	79.7	68.2
186.174	75.8	68.3
186.42	74.9	68.4
186.707	74.9	68.5
186.993	83.0	68.6
187.25	78.5	68.7
187.505	79.2	68.8
187.78	81.0	69.1
188.053	81.7	69.2
188.313	80.0	69.3
188.607	83.3	69.4
188.887	79.9	69.5
189.153	79.1	69.6
189.387	76.1	69.7
189.67	82.1	69.8
189.939	80.9	70.1
190.291	79.7	70.2
190.621	80.0	70.3
190.933	78.5	70.4
191.213	77.0	70.5
191.488	83.5	70.6
191.699	79.0	70.7
191.989	82.3	70.8
192.243	80.8	71.1
192.501	82.4	71.2
192.78	78.5	71.3
193.069	79.4	71.4
193.31	79.3	71.5
193.572	81.6	71.6
193.865	79.3	71.7
194.125	80.6	71.8
194.373	82.4	72.1
194.623	79.9	72.2
194.859	75.8	72.3
195.171	84.0	72.4
195.405	82.3	72.5
195.687	76.6	72.6
195.937	76.7	72.7
196.235	81.2	72.8
196.524	80.7	73.1
196.788	81.1	73.2
197.045	81.4	73.3
197.296	83.7	73.4
197.549	84.5	73.5
197.798	82.8	73.6
198.027	82.9	73.7
198.273	81.9	73.8
198.507	80.7	74.1
198.92	80.0	74.2
199.247	79.6	74.3
199.48	80.1	74.4
199.742	76.6	74.5
199.967	80.0	74.6
200.221	82.2	74.7
200.522	82.6	74.8
200.742	78.3	75.1
200.987	78.2	75.2
201.236	79.3	75.3
201.492	83.6	75.4
201.722	81.6	75.5
202.01	82.5	75.6
202.3	82.1	75.7
202.727	80.8	75.8
203.133	78.6	76.1
203.683	80.6	76.2
204.281	78.4	76.3
204.8	78.1	76.4
205.486	76.4	76.5
205.95	78.2	76.6
206.175	79.6	76.7
206.461	78.5	76.8
206.678	78.9	77.1
206.948	75.8	77.2
207.173	77.2	77.3
207.401	77.3	77.4
207.659	79.0	77.5
207.906	78.6	77.6
208.167	81.5	77.7
208.45	78.8	77.8
208.758	81.7	78.1
209.293	81.2	78.2
209.507	80.8	78.3
209.72	80.1	78.4
209.992	77.1	78.5
210.206	79.8	78.6
210.493	85.2	78.7
210.761	80.2	78.8
211.012	78.9	79.1
211.268	82.3	79.2
211.519	79.5	79.3
211.777	81.3	79.4
212.05	83.4	79.5
212.316	81.3	79.6
212.631	79.3	79.7
212.942	81.3	79.8
213.489	82.0	80.1
214.042	81.8	80.2
214.693	84.2	80.3
215.539	83.0	80.4
215.837	78.2	80.5
216.087	80.2	80.6
216.356	82.5	80.7
216.64	79.2	80.8
216.894	77.3	81.1
217.205	79.4	81.2
217.535	84.5	81.3
218.006	82.9	81.4
218.427	79.5	81.5
218.947	81.5	81.6
219.52	85.5	81.7
220.08	81.0	81.8
220.6	81.3	82.1
221.393	79.9	82.2
221.714	77.9	82.3
222.005	76.7	82.4
222.255	77.8	82.5
222.52	81.2	82.6
222.85	79.5	82.7
223.127	81.1	82.8
223.517	82.8	83.1
223.887	78.9	83.2
224.2	78.5	83.3
224.504	77.8	83.4
224.816	76.3	83.5
225.08	79.7	83.6
225.4	79.7	83.7
225.687	78.6	83.8
225.963	81.1	84.1
226.609	81.1	84.2
226.888	77.6	84.3
227.147	78.3	84.4
227.414	78.8	84.5
227.66	80.1	84.6
227.98	79.3	84.7
228.273	79.6	84.8
228.587	81.7	85.1
229.007	77.8	85.2
229.319	78.0	85.3
229.562	77.0	85.4
229.834	76.8	85.5
230.1	80.4	85.6
230.436	78.5	85.7
230.687	77.8	85.8
231.022	80.2	86.1
231.586	76.8	86.2
231.903	78.6	86.3
232.147	83.3	86.4
232.442	79.0	86.5
232.673	77.6	86.6
232.973	81.4	86.7
233.253	82.7	86.8
233.564	82.0	87.1
233.96	80.3	87.2
234.3	75.4	87.3
234.587	78.7	87.4
234.872	77.1	87.5
235.172	76.0	87.6
235.467	81.0	87.7
235.84	79.6	87.8
236.47	81.8	88.1
237.213	83.9	88.2
237.987	71.7	88.3
238.743	76.1	88.4
239.047	81.7	88.5
239.247	79.4	88.6
239.464	77.0	88.7
239.693	76.7	88.8
239.98	80.3	89.1
240.165	78.7	89.2
240.472	78.8	89.3
240.7	82.0	89.4
240.953	80.4	89.5
241.227	80.4	89.6
241.488	81.3	89.7
241.833	85.7	89.8
242.326	80.0	90.1
242.969	80.6	90.2
243.506	79.4	90.3
244.707	80.6	90.4
245.069	81.7	90.5
245.4	82.2	90.6
245.752	77.9	90.7
246.326	80.4	90.8
247.078	79.2	91.1
247.773	78.1	91.2
248.267	81.0	91.3
248.82	81.0	91.4
249.513	75.9	91.5
250.187	76.2	91.6
251.013	57.2	91.7
251.747	32.7	91.8
