3.512018141	0	1.1
4.391995465	68.1836	1.2
4.738321995	173.247	1.3
5.043083900	196.875	1.4
5.304308390	229.688	1.5
5.623582766	187.926	1.6
5.942857143	187.926	1.7
6.240362812	201.677	1.8
6.595918367	168.75	2.1
7.169160998	104.668	2.2
7.500045351	181.332	2.3
7.778684807	215.332	2.4
8.055464853	216.779	2.5
8.356281179	199.457	2.6
8.649433107	204.672	2.7
8.966666667	189.135	2.8
9.306666667	176.471	3.1
9.833333333	113.924	3.2
10.222585034	154.142	3.3
10.470748299	241.776	3.4
10.713333333	247.336	3.5
11.017868481	197.022	3.6
11.313922902	202.665	3.7
11.557732426	246.094	3.8
11.886666667	182.407	4.1
12.426666667	111.111	4.2
12.765170068	177.251	4.3
13.026394558	229.688	4.4
13.299229025	219.914	4.5
13.601088435	198.768	4.6
13.949387755	172.266	4.7
14.291882086	175.185	4.8
14.666666667	160.092	5.1
15.313560091	92.751	5.2
15.603809524	206.719	5.3
15.865079365	229.648	5.4
16.121927438	233.601	5.5
16.370612245	241.269	5.6
16.660317460	207.107	5.7
16.950566893	206.719	5.8
17.298866213	172.266	6.1
17.832925170	112.347	6.2
18.140589569	195.018	6.3
18.390204082	240.371	6.4
18.657233560	224.694	6.5
18.976507937	187.926	6.6
19.272562358	202.665	6.7
19.580226757	195.018	6.8
19.840000000	230.971	7.1
20.404535147	106.282	7.2
20.728616780	185.139	7.3
21.012086168	211.663	7.4
21.298684807	209.352	7.5
21.548117914	240.545	7.6
21.794625850	243.4	7.7
22.136122449	175.697	7.8
22.469138322	180.172	8.1
23.010975057	110.734	8.2
23.317233560	195.913	8.3
23.531972789	279.409	8.4
23.835283447	197.817	8.5
24.055873016	271.998	8.6
24.404172336	172.266	8.7
24.791088435	155.072	8.8
25.177619048	155.227	9.1
25.520000000	175.243	9.2
25.912403628	152.904	9.3
26.192562358	214.164	9.4
26.488163265	202.976	9.5
26.729002268	249.129	9.6
27.028027211	200.652	9.7
27.378208617	171.34	9.8
27.817505669	136.582	10.1
28.223854875	147.656	10.2
28.554739229	181.332	10.3
28.848004535	204.593	10.4
29.098798186	239.241	10.5
29.396462585	201.569	10.6
29.651882086	234.908	10.7
29.928934240	216.566	10.8
30.348480726	143.012	11.1
30.870929705	114.844	11.2
31.172789116	198.768	11.3
31.434013605	229.688	11.4
31.712653061	215.332	11.5
31.950657596	252.096	11.6
32.275736961	184.57	11.7
32.560181406	210.938	11.8
32.873650794	191.406	12.1
33.260000000	155.3	12.2
33.556213152	202.557	12.3
33.802448980	243.669	12.4
34.052063492	240.371	12.5
34.348117914	202.665	12.6
34.632562358	210.938	12.7
34.900181406	224.199	12.8
35.317551020	143.757	13.1
35.816780045	120.185	13.2
36.179591837	165.375	13.3
36.414693878	255.208	13.4
36.710748299	202.665	13.5
37.030022676	187.926	13.6
37.268934240	251.139	13.7
37.611655329	175.069	13.8
37.883356009	220.831	14.1
38.246666667	165.148	14.2
38.613333333	163.636	14.3
38.844081633	260.024	14.4
39.140136054	202.665	14.5
39.450702948	193.195	14.6
39.746757370	202.665	14.7
40.106666667	166.709	14.8
40.425941043	187.926	15.1
41.087709751	90.6661	15.2
41.440000000	170.314	15.3
41.762108844	186.272	15.4
41.986666667	267.192	15.5
42.257052154	221.905	15.6
42.546666667	207.172	15.7
42.821405896	218.389	15.8
43.113333333	205.531	16.1
43.485170068	161.361	16.2
43.775419501	206.719	16.3
44.013333333	252.192	16.4
44.328321995	190.483	16.5
44.617142857	207.741	16.6
44.919002268	198.768	16.7
45.175532880	233.89	16.8
45.493786848	188.529	17.1
45.836190476	175.232	17.2
46.143854875	195.018	17.3
46.415555556	220.831	17.4
46.735963719	187.261	17.5
46.994829932	231.78	17.6
47.288412698	204.372	17.7
47.568934240	213.887	17.8
47.953809524	155.895	18.1
48.345714286	153.098	18.2
48.640000000	203.883	18.3
48.878004535	252.096	18.4
49.131292517	236.885	18.5
49.433333333	198.649	18.6
49.812607710	158.197	18.7
50.086666667	218.931	18.8
50.486371882	150.111	19.1
51.008435374	114.929	19.2
51.321904762	191.406	19.3
51.600544218	215.332	19.4
51.902403628	198.768	19.5
52.140000000	252.529	19.6
52.393401361	236.779	19.7
52.697687075	197.183	19.8
53.022766440	184.57	20.1
53.376870748	169.442	20.2
53.701950113	184.57	20.3
53.974784580	219.914	20.4
54.247619048	219.914	20.5
54.513333333	225.806	20.6
54.780000000	225	20.7
55.060000000	214.286	20.8
55.433469388	160.656	21.1
55.912154195	125.343	21.2
56.158752834	243.31	21.3
56.401269841	247.405	21.4
56.644807256	246.369	21.5
56.964943311	187.42	21.6
57.272743764	194.931	21.7
57.548049887	217.939	21.8
57.867845805	187.62	22.1
58.316916100	133.609	22.2
58.590816327	219.058	22.3
58.824625850	256.619	22.4
59.102675737	215.789	22.5
59.388231293	210.117	22.6
59.656417234	223.725	22.7
59.912403628	234.387	22.8
60.366077098	132.254	23.1
60.737596372	161.499	23.2
61.045419501	194.917	23.3
61.294126984	241.247	23.4
61.532176871	252.048	23.5
61.821043084	207.709	23.6
62.107845805	209.203	23.7
62.428367347	187.195	23.8
62.716258503	208.412	24.1
62.986666667	221.887	24.2
63.325623583	177.014	24.3
63.574149660	241.423	24.4
63.827120181	237.182	24.5
64.126802721	200.212	24.6
64.402947846	217.277	24.7
64.713333333	193.308	24.8
65.093333333	157.895	25.1
65.709569161	97.3653	25.2
66.011405896	198.783	25.3
66.301405896	206.897	25.4
66.562902494	229.448	25.5
66.795351474	258.121	25.6
67.086439909	206.123	25.7
67.346031746	231.132	25.8
67.637823129	205.626	26.1
68.017052154	158.216	26.2
68.323129252	196.029	26.3
68.560929705	252.312	26.4
68.831746032	221.552	26.5
69.207074830	159.86	26.6
69.499637188	205.084	26.7
69.784603175	210.551	26.8
70.191020408	147.632	27.1
70.954376417	78.6003	27.2
71.195011338	249.34	27.3
71.494240363	200.515	27.4
71.752562358	232.268	27.5
72.017029478	226.871	27.6
72.309841270	204.91	27.7
72.588730159	215.139	27.8
72.959977324	161.617	28.1
73.389977324	139.535	28.2
73.692199546	198.529	28.3
73.945215420	237.139	28.4
74.251609977	195.826	28.5
74.550566893	200.698	28.6
74.774512472	267.922	28.7
75.074603175	199.94	28.8
75.403900227	182.206	29.1
75.845079365	135.999	29.2
76.137256236	205.355	29.3
76.396553288	231.395	29.4
76.669387755	219.914	29.5
76.895079365	265.849	29.6
77.206349206	192.759	29.7
77.479183673	219.914	29.8
77.792653061	191.406	30.1
78.114829932	186.233	30.2
78.422494331	195.018	30.3
78.668843537	243.557	30.4
78.956553288	208.544	30.5
79.240997732	210.938	30.6
79.531247166	206.719	30.7
79.846666667	190.223	30.8
80.283197279	137.447	31.1
80.764807256	124.582	31.2
81.162675737	150.804	31.3
81.426575964	227.359	31.4
81.711020408	210.938	31.5
81.985600907	218.515	31.6
82.255442177	222.353	31.7
82.528707483	219.567	31.8
82.798798186	222.148	32.1
83.077301587	215.437	32.2
83.336417234	231.557	32.3
83.583129252	243.199	32.4
83.835646259	237.608	32.5
84.124920635	207.416	32.6
84.371700680	243.131	32.7
84.695374150	185.372	32.8
85.141768707	134.41	33.1
85.649705215	118.125	33.2
85.925442177	217.599	33.3
86.216893424	205.866	33.4
86.500136054	211.833	33.5
86.752653061	237.608	33.6
87.063219955	193.195	33.7
87.333333333	222.129	33.8
87.623401361	206.848	34.1
87.941950113	188.354	34.2
88.185034014	246.828	34.3
88.420000000	255.356	34.4
88.674761905	235.514	34.5
89.017845805	174.884	34.6
89.339297052	186.654	34.7
89.763265306	141.52	34.8
90.191383220	140.148	35.1
90.686666667	121.143	35.2
91.073015873	155.3	35.3
91.366893424	204.167	35.4
91.639002268	220.5	35.5
91.958276644	187.926	35.6
92.237641723	214.773	35.7
92.498866213	229.688	35.8
92.813333333	190.799	36.1
93.206349206	152.666	36.2
93.471315193	226.444	36.3
93.728321995	233.457	36.4
94.035668934	195.219	36.5
94.309138322	219.403	36.6
94.558072562	241.028	36.7
94.891405896	180	36.8
95.226666667	178.965	37.1
95.560997732	179.463	37.2
95.823718821	228.379	37.3
96.110385488	209.302	37.4
96.380000000	222.54	37.5
96.677256236	201.846	37.6
96.958344671	213.456	37.7
97.304671202	173.247	37.8
97.577188209	220.17	38.1
97.879569161	198.425	38.2
98.158979592	214.738	38.3
98.501791383	175.023	38.4
98.773265306	221.016	38.5
99.068185941	203.445	38.6
99.377777778	193.804	38.7
99.685782313	194.802	38.8
100.174058957	122.881	39.1
100.993333333	73.2355	39.2
101.271655329	215.578	39.3
101.551020408	214.773	39.4
101.889886621	177.061	39.5
102.164535147	218.461	39.6
102.432766440	223.688	39.7
102.736507937	197.536	39.8
102.995011338	232.105	40.1
103.263492063	223.48	40.2
103.521972789	232.126	40.3
103.790657596	223.31	40.4
104.108843537	188.569	40.5
104.409977324	199.247	40.6
104.666326531	234.056	40.7
104.972335601	196.073	40.8
105.269841270	201.677	41.1
105.526666667	233.622	41.2
105.882380952	168.675	41.3
106.139342404	233.498	41.4
106.409070295	222.446	41.5
106.742857143	179.755	41.6
107.025850340	212.019	41.7
107.370521542	174.079	41.8
107.649886621	214.773	42.1
108.073424036	141.664	42.2
108.340000000	225.077	42.3
108.620000000	214.286	42.4
108.894331066	218.714	42.5
109.170068027	217.599	42.6
109.445804989	217.599	42.7
109.750566893	196.875	42.8
110.033560091	212.019	43.1
110.421768707	154.556	43.2
110.747845805	184.006	43.3
111.035124717	208.856	43.4
111.297823129	228.399	43.5
111.576009070	215.683	43.6
111.836031746	230.749	43.7
112.116643991	213.818	43.8
112.348299320	259.005	44.1
112.682086168	179.755	44.2
112.948412698	225.287	44.3
113.195759637	242.574	44.4
113.502040816	195.898	44.5
113.806802721	196.875	44.6
114.129705215	185.815	44.7
114.495623583	163.971	44.8
114.931519274	137.648	45.1
115.660000000	82.3632	45.2
115.958276644	201.156	45.3
116.237641723	214.773	45.4
116.473469388	254.423	45.5
116.740000000	225.115	45.6
116.997414966	233.087	45.7
117.300566893	197.921	45.8
117.658662132	167.553	46.1
118.200453515	110.744	46.2
118.480000000	214.633	46.3
118.741043084	229.847	46.4
118.980498866	250.568	46.5
119.258095238	216.141	46.6
119.535600907	216.212	46.7
119.811179138	217.724	46.8
120.166666667	168.782	47.1
120.811678005	93.0216	47.2
121.102947846	205.995	47.3
121.335147392	258.398	47.4
121.621768707	209.335	47.5
121.908390023	209.335	47.6
122.149365079	248.988	47.7
122.466825397	189	47.8
122.773333333	195.753	48.1
123.337868481	106.282	48.2
123.605873016	223.877	48.3
123.842947846	253.085	48.4
124.132426304	207.269	48.5
124.438956916	195.739	48.6
124.752743764	191.213	48.7
125.042585034	207.01	48.8
125.580045351	111.636	49.1
126.115442177	112.066	49.2
126.550589569	137.884	49.3
127.100793651	109.05	49.4
127.859092971	79.1244	49.5
128.703854875	71.0259	49.6
129.015873016	192.297	49.7
129.260000000	245.774	49.8
129.541950113	212.804	50.1
129.759637188	275.625	50.2
129.993333333	256.744	50.3
130.231292517	252.144	50.4
130.518616780	208.823	50.5
130.778049887	231.273	50.6
131.082925170	196.802	50.7
131.326984127	245.842	50.8
131.515646259	318.029	51.1
131.720000000	293.609	51.2
132.009070295	207.562	51.3
132.226757370	275.625	51.4
132.415419501	318.029	51.5
132.662131519	243.199	51.6
132.930612245	223.48	51.7
133.202721088	220.5	51.8
133.659863946	131.25	52.1
134.306666667	92.764	52.2
134.592290249	210.067	52.3
134.864399093	220.5	52.4
135.121995465	232.923	52.5
135.373333333	238.722	52.6
135.648072562	218.389	52.7
135.906666667	232.024	52.8
136.188662132	212.769	53.1
136.627664399	136.674	53.2
136.939682540	192.297	53.3
137.186394558	243.199	53.4
137.465759637	214.773	53.5
137.726984127	229.688	53.6
138.002721088	217.599	53.7
138.267573696	226.541	53.8
138.553333333	209.967	54.1
139.053333333	120	54.2
139.386666667	180	54.3
139.626666667	250	54.4
139.900000000	219.512	54.5
140.166666667	225	54.6
140.426666667	230.769	54.7
140.700000000	219.512	54.8
141.035827664	178.663	55.1
141.572789116	111.74	55.2
141.820000000	242.708	55.3
142.091609977	220.905	55.4
142.345578231	236.25	55.5
142.593333333	242.175	55.6
142.886666667	204.545	55.7
143.186666667	200	55.8
143.500000000	191.489	56.1
144.428117914	64.647	56.2
144.707482993	214.773	56.3
145.008616780	199.247	56.4
145.262585034	236.25	56.5
145.526666667	227.202	56.6
145.753333333	264.706	56.7
146.033333333	214.286	56.8
146.273333333	250	57.1
146.580000000	195.652	57.2
146.800000000	272.727	57.3
147.100000000	200	57.4
147.346666667	243.243	57.5
147.606666667	230.769	57.6
147.846666667	250	57.7
148.093333333	243.243	57.8
148.339229025	244.006	58.1
148.626666667	208.741	58.2
148.880000000	236.842	58.3
149.140000000	230.769	58.4
149.420000000	214.286	58.5
149.713333333	204.545	58.6
150.000000000	209.302	58.7
150.286666667	209.302	58.8
151.038548753	79.7997	59.1
151.793333333	79.4929	59.2
152.473333333	88.2353	59.3
153.318049887	71.0297	59.4
153.614603175	202.325	59.5
153.906666667	205.435	59.6
154.238548753	180.787	59.7
154.597732426	167.045	59.8
155.217392290	96.8273	60.1
156.013333333	75.3825	60.2
156.825396825	73.8858	60.3
157.206349206	157.5	60.4
157.587301587	157.5	60.5
158.246666667	90.9966	60.6
158.911564626	90.2394	60.7
159.375963719	129.199	60.8
159.865759637	122.5	61.1
160.560000000	86.4254	61.2
161.520181406	62.4882	61.3
162.024489796	118.975	61.4
162.797278912	77.6408	61.5
163.500000000	85.3824	61.6
164.506666667	59.6026	61.7
165.634467120	53.2009	61.8
166.973333333	44.814	62.1
168.526077098	38.6413	62.2
168.867120181	175.931	62.3
169.219047619	170.49	62.4
169.524875283	196.189	62.5
169.828571429	197.566	62.6
170.146666667	188.623	62.7
170.478004535	181.084	62.8
170.880725624	148.986	63.1
171.181859410	199.247	63.2
171.464784580	212.07	63.3
171.744013605	214.877	63.4
172.045351474	199.112	63.5
172.433333333	154.646	63.6
172.839909297	147.574	63.7
173.318820862	125.284	63.8
173.804988662	123.414	64.1
174.726530612	65.1083	64.2
175.063945578	177.823	64.3
175.350566893	209.335	64.4
175.633560091	212.019	64.5
175.886666667	237.054	64.6
176.193696145	195.421	64.7
176.441768707	241.865	64.8
176.809863946	163.001	65.1
177.117777778	194.86	65.2
177.440362812	185.997	65.3
177.683446712	246.828	65.4
177.986666667	197.876	65.5
178.313333333	183.673	65.6
178.702947846	153.998	65.7
179.179092971	126.012	65.8
179.664399093	123.633	66.1
180.618594104	62.8802	66.2
180.948752834	181.731	66.3
181.235374150	209.335	66.4
181.492970522	232.923	66.5
181.804988662	192.297	66.6
182.046666667	248.264	66.7
182.318072562	221.071	66.8
182.641179138	185.697	67.1
182.935691610	203.727	67.2
183.219886621	211.123	67.3
183.486666667	224.904	67.4
183.767800454	213.422	67.5
184.079818594	192.297	67.6
184.417233560	177.823	67.7
184.809070295	153.125	67.8
185.300000000	122.217	68.1
185.873333333	104.651	68.2
186.173718821	199.743	68.3
186.420000000	243.624	68.4
186.706666667	209.302	68.5
186.992789116	209.7	68.6
187.249682540	233.56	68.7
187.504761905	235.221	68.8
187.780000000	217.993	69.1
188.053333333	219.512	69.2
188.313333333	230.769	69.3
188.606666667	204.545	69.4
188.886825397	214.164	69.5
189.153333333	225.134	69.6
189.386666667	257.143	69.7
189.670204082	211.612	69.8
189.938707483	223.461	70.1
190.291156463	170.237	70.2
190.620589569	182.131	70.3
190.933333333	191.85	70.4
191.212698413	214.773	70.5
191.488435374	217.599	70.6
191.698866213	285.129	70.7
191.989115646	206.719	70.8
192.243083900	236.25	71.1
192.500680272	232.923	71.2
192.779795918	214.965	71.3
193.068911565	207.529	71.4
193.309750567	249.129	71.5
193.572108844	228.695	71.6
193.864852608	204.957	71.7
194.124988662	230.649	71.8
194.372789116	242.13	72.1
194.623129252	239.674	72.2
194.859024943	254.35	72.3
195.170884354	192.394	72.4
195.405215420	256.048	72.5
195.686666667	213.181	72.6
195.936507937	240.152	72.7
196.234648526	201.247	72.8
196.524489796	207.01	73.1
196.787732426	227.927	73.2
197.044716553	233.477	73.3
197.295918367	238.852	73.4
197.548571429	237.48	73.5
197.798208617	240.349	73.6
198.027369615	261.825	73.7
198.273038549	244.231	73.8
198.507210884	256.222	74.1
198.920000000	145.353	74.2
199.246666667	183.673	74.3
199.480000000	257.143	74.4
199.742403628	228.655	74.5
199.967346939	266.734	74.6
200.221315193	236.25	74.7
200.522448980	199.247	74.8
200.741882086	273.432	75.1
200.986666667	245.113	75.2
201.235714286	240.918	75.3
201.492380952	233.766	75.4
201.721859410	261.462	75.5
202.009773243	208.396	75.6
202.300000000	206.735	75.7
202.726666667	140.625	75.8
203.133333333	147.541	76.1
203.682539683	109.249	76.2
204.281179138	100.227	76.3
204.800000000	115.647	76.4
205.485714286	87.5	76.5
205.950113379	129.199	76.6
206.175034014	266.761	76.7
206.460770975	209.983	76.8
206.678390023	275.711	77.1
206.947845805	222.671	77.2
207.172789116	266.734	77.3
207.401360544	262.5	77.4
207.658956916	232.923	77.5
207.905668934	243.199	77.6
208.166893424	229.688	77.7
208.449886621	212.019	77.8
208.758276644	194.559	78.1
209.293038549	112.199	78.2
209.506666667	280.862	78.3
209.720000000	281.25	78.4
209.991836735	220.721	78.5
210.205895692	280.297	78.6
210.492517007	209.335	78.7
210.760997732	223.48	78.8
211.012108844	238.938	79.1
211.268344671	234.159	79.2
211.519274376	239.111	79.3
211.776870748	232.923	79.4
212.050385488	219.367	79.5
212.315646259	226.193	79.6
212.631043084	190.237	79.7
212.941541950	193.237	79.8
213.489342404	109.529	80.1
214.041723356	108.621	80.2
214.692698413	92.1694	80.3
215.539229025	70.8775	80.4
215.836734694	201.677	80.5
216.087074830	239.674	80.6
216.355555556	223.48	80.7
216.640000000	210.938	80.8
216.893560091	236.63	81.1
217.205306122	192.464	81.2
217.534693878	182.156	81.3
218.006349206	127.212	81.4
218.426666667	142.749	81.5
218.946666667	115.385	81.6
219.520000000	104.651	81.7
220.080000000	107.143	81.8
220.600000000	115.385	82.1
221.393333333	75.6302	82.2
221.714285714	186.944	82.3
222.004535147	206.719	82.4
222.254875283	239.674	82.5
222.520000000	226.309	82.6
222.849886621	181.881	82.7
223.126666667	216.779	82.8
223.517460317	153.534	83.1
223.886666667	162.511	83.2
224.200000000	191.489	83.3
224.504308390	197.168	83.4
224.816326531	192.297	83.5
225.080000000	227.554	83.6
225.400453515	187.235	83.7
225.686666667	209.634	83.8
225.962811791	217.277	84.1
226.608616780	92.9073	84.2
226.887981859	214.773	84.3
227.146666667	231.942	84.4
227.414058957	224.389	84.5
227.660000000	243.961	84.6
227.980045351	187.473	84.7
228.273333333	204.577	84.8
228.586666667	191.489	85.1
229.006666667	142.857	85.2
229.318820862	192.213	85.3
229.561904762	246.828	85.4
229.834013605	220.5	85.5
230.100000000	225.575	85.6
230.436281179	178.422	85.7
230.686621315	239.674	85.8
231.022222222	178.784	86.1
231.586031746	106.419	86.2
231.903492063	189	86.3
232.146666667	246.736	86.4
232.441904762	203.226	86.5
232.673333333	259.259	86.6
232.973333333	200	86.7
233.253333333	214.286	86.8
233.564444444	192.857	87.1
233.960000000	151.685	87.2
234.300000000	176.471	87.3
234.586666667	209.302	87.4
234.872380952	210	87.5
235.172063492	200.212	87.6
235.466666667	203.664	87.7
235.840000000	160.714	87.8
236.469841270	95.2621	88.1
237.213333333	80.7003	88.2
237.986666667	77.5862	88.3
238.742857143	79.3451	88.4
239.046666667	197.492	88.5
239.246666667	300	88.6
239.464126984	275.912	88.7
239.692698413	262.5	88.8
239.980000000	208.84	89.1
240.165079365	324.185	89.2
240.472380952	195.248	89.3
240.700000000	263.598	89.4
240.953333333	236.842	89.5
241.226666667	219.512	89.6
241.488253968	229.369	89.7
241.833333333	173.873	89.8
242.326349206	121.7	90.1
242.969387755	93.307	90.2
243.506349206	111.74	90.3
244.706666667	49.9868	90.4
245.069206349	165.499	90.5
245.400000000	181.382	90.6
245.752380952	170.27	90.7
246.326349206	104.535	90.8
247.078095238	79.8142	91.1
247.773333333	86.3014	91.2
248.266666667	121.622	91.3
248.820000000	108.434	91.4
249.513333333	86.5385	91.5
250.186666667	89.1089	91.6
251.013333333	72.5806	91.7
251.746666667	81.8182	91.8